0.3500665730144678
0.3479888614205902
0.34553590845646653
0.3428886007449906
0.34015879555193973
0.3374224109673006
0.33472993081869973
0.33211264646414357
0.32958714137990996
0.3271589552011931
0.3248256004895279
0.32257902534194066
0.32040760844802524
0.3182980090624422
0.3162369682219589
0.31421290386887624
0.31221694165083813
0.3102430415969123
0.30828779858648975
0.30634989811586333
0.3044294374306537
0.3025273795434727
0.3006451250213679
0.2987842256022946
0.2969462247341395
0.295132582744679
0.29334464854231723
0.29158365485386883
0.2898507229197406
0.2881468684595079
0.2864730078636378
0.2848299642987405
0.28321847322863025
0.2816391872279136
0.2800926801306673
0.2785794506053759
0.2770999252525399
0.2756544613115759
0.2742433490498344
0.27286681389323997
0.2715250183468497
0.2702180637448248
0.2689459918627416
0.26770878642073753
0.2665063745037012
0.2653386279243522
0.2642053645558306
0.2631063496609819
0.26204129724485675
0.26100987145469
0.26001168804670094
0.25904631592801075
0.258113278761675
0.2572120565998703
0.2563420875080982
0.2555027691757584
0.25469346053296094
0.2539134833746696
0.2531621239953082
0.25243863491324336
0.251742236878606
0.251072121416331
0.2504274539146514
0.24980737654473328
0.24921101034455984
0.24863745688913969
0.24808579995098456
0.2475551071820784
0.24704443173694776
0.24655281372746113
0.24607928140273821
0.245622851971262
0.24518253201828644
0.24475731748275203
0.24434619313510836
0.24394813155718192
0.24356209218450908
0.2431870232726383
0.24282187299224572
0.2424656096373376
0.24211723670493185
0.241775792416748
0.24144035163491484
0.24111006472305727
0.24078416917438883
0.24046198074409425
0.24014288623586041
0.23982633681937254
0.23951184117004226
0.23919895969292818
0.2388872998466971
0.23857651210611963
0.23826628626449053
0.23795634793928305
0.23764645524530487
0.23733639563176168
0.23702598287549326
0.236715054229915
0.23640346775537538
0.23609109987114138
0.2357778431561222
0.2354636043998293
0.23514830288573413
0.2348318688812933
0.23451424230881096
0.2341953715743887
0.23387521253579505
0.23355372759321957
0.23323088488932808
0.23290665760687612
0.23258102335349884
0.23225396362432635
0.23192546333391245
0.23159551040968834
0.23126409543982046
0.2309312113689807
0.23059685323613802
0.23026101794905668
0.22992370409073437
0.22958491175352919
0.2292446423972128
0.22890289872763658
0.22855968459311393
0.22821500489599927
0.2278688655172817
0.2275212732523153
0.22717223575607015
0.22682176149652156
0.22646985971499214
0.22611654039243506
0.22576181422079206
0.22540569257868476
0.22504818751080452
0.2246893117104544
0.22432907850477407
0.2239675018422432
0.22360459628211188
0.22324037698545535
0.22287485970758925
0.2225080607916166
0.2221399971629064
0.2217706863243299
0.2214001463521049
0.22102839589211415
0.22065545415658583
0.2202813409210343
0.21990607652137684
0.21952968185115118
0.21915217835876838
0.21877358804474595
0.21839393345887265
0.21801323769726266
0.21763152439926392
0.2172488177441878
0.2168651424478341
0.21648052375878835
0.21609498745446915
0.21570855983691015
0.21532126772826027
0.21493313846598927
0.2145441998977879
0.21415448037615223
0.2137640087526444
0.21337281437182276
0.21298092706483523
0.2125883771426708
0.21219519538906498
0.21180141305305664
0.21140706184119173
0.2110121739093732
0.21061678185435467
0.21022091870487714
0.20982461791244644
0.20942791334175356
0.2090308392607345
0.20863343033027265
0.208235721593542
0.2078377484649927
0.20743954671898024
0.2070411524780375
0.206642602200794
0.20624393266953983
0.20584518097744006
0.20544638451539743
0.20504758095856895
0.20464880825253579
0.20425010459913034
0.2038515084419231
0.20345305845137068
0.20305479350963024
0.20265675269504158
0.20225897526628162
0.20186150064619468
0.20146436840530224
0.20106761824499747
0.20067128998042832
0.20027542352307415
0.1998800588630224
0.19948523605094953
0.199090995179813
0.1986973763662611
0.19830441973176666
0.19791216538349293
0.19752065339489921
0.1971299237860932
0.19674001650394163
0.19635097140194574
0.19596282821989253
0.19557562656329353
0.19518940588261965
0.19480420545234559
0.19442006434981593
0.19403702143394486
0.19365511532376478
0.19327438437683658
0.19289486666753747
0.1925165999652428
0.19213962171241714
0.1917639690026331
0.19138967855853528
0.19101678670976946
0.19064532937089526
0.19027534201930435
0.18990685967316467
0.18953991686941368
0.18917454764182284
0.18881078549915786
0.18844866340345967
0.18808821374847046
0.18772946833823245
0.18737245836588484
0.18701721439268826
0.1866637663273037
0.1863121434053559
0.18596237416931027
0.18561448644869355
0.18526850734068923
0.1849244631911383
0.18458237957597784
0.18424228128314696
0.18390419229499516
0.18356813577122283
0.18323413403238714
0.18290220854400482
0.18257237990128558
0.1822446678145253
0.18191909109519297
0.18159566764274138
0.18127441443217174
0.1809553475023835
0.18063848194533716
0.180323831896059
0.18001141052351527
0.17970123002238164
0.17939330160573327
0.17908763549867895
0.17878424093296152
0.17848312614254624
0.1781842983602142
0.17788776381518073
0.1775935277317513
0.17730159432903156
0.17701196682169995
0.17672464742185473
0.17643963734194068
0.17615693679876218
0.17587654501858285
0.17559846024331427
0.1753226797377901
0.17504919979812095
0.17477801576112353
0.17450912201481314
0.1742425120099483
0.17397817827261203
0.17371611241781285
0.17345630516408556
0.17319874634906945
0.17294342494603981
0.17269032908136495
0.17243944605286066
0.17219076234900926
0.17194426366901117
0.17169993494363173
0.1714577603568076
0.17121772336797186
0.17097980673505725
0.17074399253813557
0.1705102622036478
0.1702785965291808
0.170048975708743
0.16982137935849195
0.16959578654286495
0.16937217580106317
0.16915052517383947
0.16893081223053946
0.1687130140963447
0.1684971074796674
0.16828306869964516
0.1680708737136851
0.16786049814500653
0.16765191731013188
0.16744510624627612
0.16724003973858584
0.16703669234717916
0.1668350384339401
0.16663505218902064
0.16643670765700586
0.16623997876269897
0.1660448393364844
0.16585126313922915
0.16565922388668386
0.16546869527334834
0.16527965099576733
0.1650920647752256
0.16490591037981334
0.16472116164583506
0.16453779249854047
0.16435577697215392
0.16417508922918675
0.1639957035790163
0.16381759449571953
0.16364073663515094
0.1634651048512584
0.1632906742116304
0.1631174200122727
0.1629453177916126
0.16277434334373078
0.1626044727308235
0.1624356822948965
0.1622679486686956
0.16210124878587878
0.1619355598904353
0.16177085954535972
0.16160712564058788
0.16144433640020522
0.16128247038893764
0.1611215065179368
0.16096142404987349
0.16080220260335437
0.16064382215667752
0.16048626305094588
0.16032950599255674
0.1601735320550887
0.16001832268060795
0.15986385968041647
0.1597101252352673
0.15955710189507086
0.15940477257811841
0.1592531205698488
0.15910212952118416
0.15895178344646083
0.1588020667209806
0.1586529640782079
0.1585044606066357
0.1583565417463439
0.15820919328527222
0.15806240135522712
0.1579161524276434
0.15777043330911866
0.15762523113673704
0.157480533373201
0.15733632780178447
0.1571926025211257
0.15704934593987124
0.15690654677118887
0.15676419402716169
0.15662227701307674
0.15648078532162377
0.15633970882701392
0.15619903767903434
0.15605876229704804
0.15591887336395252
0.15577936182010765
0.1556402188572438
0.15550143591236054
0.15536300466162553
0.1552249170142836
0.15508716510658377
0.15494974129573388
0.15481263815388963
0.15467584846218635
0.15453936520481987
0.15440318156318325
0.1542672909100658
0.1541316868039193
0.15399636298319747
0.15386131336077297
0.15372653201843686
0.15359201320148416
0.15345775131338907
0.1533237409105742
0.15318997669727535
0.1530564535205058
0.15292316636512165
0.15279011034899054
0.15265728071826562
0.15252467284276572
0.15239228221146395
0.15226010442808435
0.1521281352068085
0.151996370368092
0.15186480583459072
0.1517334376271983
0.1516022618611927
0.15147127474249344
0.1513404725640281
0.15120985170220724
0.15107940861350758
0.15094913983116243
0.15081904196195783
0.15068911168313376
0.1505593457393889
0.15042974093998773
0.1503002941559683
0.15017100231744918
0.15004186241103434
0.14991287147731355
0.14978402660845733
0.14965532494590386
0.14952676367813694
0.14939834003855224
0.1492700513034102
0.14914189478987394
0.14901386785412996
0.1488859678895892
0.1487581923251673
0.1486305386236417
0.148503004280083
0.14837558682035934
0.1482482837997111
0.14812109280139518
0.14799401143539448
0.14786703733719345
0.14774016816661523
0.1476134016067199
0.1474867353627619
0.14736016716120345
0.14723369474878328
0.14710731589163872
0.1469810283744784
0.14685482999980484
0.14672871858718434
0.1466026919725627
0.14647674800762556
0.1463508845592001
0.1462250995086989
0.14609939075160178
0.145973756196976
0.14584819376703184
0.14572270139671345
0.145597277033322
0.14547191863617084
0.14534662417627084
0.14522139163604444
0.14509621900906736
0.14497110429983642
0.14484604552356226
0.14472104070598613
0.14459608788321882
0.1444711851016014
0.14434633041758593
0.14422152189763587
0.1440967576181441
0.14397203566536876
0.14384735413538458
0.1437227111340507
0.14359810477699114
0.1434735331895904
0.1433489945070011
0.14322448687416295
0.14310000844583384
0.1429755573866302
0.14285113187107792
0.14272673008367137
0.1426023502189413
0.1424779904815296
0.14235364908627193
0.1422293242582861
0.14210501423306635
0.14198071725658337
0.1418564315853884
0.1417321554867222
0.1416078872386275
0.14148362513006524
0.14135936746103295
0.14123511254268653
0.1411108586974637
0.1409866042592092
0.14086234757330174
0.1407380869967817
0.14061382089847996
0.14048954765914662
0.14036526567158086
0.14024097334075966
0.1401166690839672
0.13999235133092303
0.13986801852390968
0.13974366911789948
0.13961930158068003
0.13949491439297812
0.13937050604858278
0.13924607505446585
0.13912161993090127
0.13899713921158233
0.13887263144373643
0.13874809518823839
0.13862352901972072
0.1384989315266819
0.138374301311592
0.13824963699099577
0.1381249371956132
0.1380002005704371
0.1378754257748282
0.13775061148260717
0.13762575638214422
0.13750085917644492
0.1373759185832343
0.1372509333350369
0.13712590217925455
0.13700082387824064
0.13687569720937193
0.13675052096511697
0.13662529395310147
0.1365000149961712
0.13637468293245078
0.13624929661540108
0.1361238549138719
0.13599835671215343
0.13587280091002285
0.1357471864227901
0.1356215121813389
0.13549577713216615
0.13536998023741798
0.13524412047492287
0.13511819683822268
0.13499220833659992
0.1348661539951032
0.13474003285456979
0.13461384397164533
0.13448758641880115
0.1343612592843491
0.13423486167245374
0.13410839270314245
0.13398185151231257
0.1338552372517367
0.1337285490890654
0.13360178620782803
0.13347494780743072
0.1333480331031528
0.13322104132614096
0.13309397172340104
0.1329668235577883
0.1328395961079954
0.1327122886685384
0.13258490054974142
0.1324574310777188
0.1323298795943558
0.13220224545728787
0.13207452803987768
0.13194672673119087
0.13181884093597018
0.13169087007460814
0.131562813583118
0.1314346709131034
0.13130644153172655
0.13117812492167547
0.131049720581129
0.1309212280237215
0.13079264677850588
0.13066397638991528
0.13053521641772414
0.13040636643700748
0.13027742603809966
0.13014839482655177
0.13001927242308836
0.1298900584635628
0.12976075259891195
0.12963135449510993
0.1295018638331211
0.1293722803088519
0.12924260363310225
0.12911283353151598
0.12898296974453058
0.12885301202732638
0.12872296014977472
0.12859281389638563
0.12846257306625508
0.1283322374730114
0.1282018069447609
0.12807128132403378
0.12794066046772823
0.12780994424705522
0.12767913254748195
0.12754822526867535
0.12741722232444486
0.1272861236426847
0.1271549291653161
0.12702363884822862
0.1268922526612213
0.12676077058794377
0.12662919262583616
0.12649751878606955
0.12636574909348552
0.12623388358653537
0.12610192231721956
0.12596986535102594
0.1258377127668685
0.1257054646570254
0.12557312112707658
0.12544068229584157
0.12530814829531645
0.12517551927061105
0.12504279537988533
0.12490997679428602
0.12477706369788241
0.12464405628760263
0.1245109547731687
0.12437775937703235
0.1242444703343094
0.12411108789271512
0.12397761231249838
0.12384404386637572
0.12371038283946555
0.12357662952922152
0.12344278424536592
0.1233088473098228
0.12317481905665051
0.1230406998319744
0.1229064899939186
0.12277218991253822
0.12263779996975048
0.12250332055926608
0.12236875208651987
0.12223409496860156
0.12209934963418571
0.12196451652346144
0.12182959608806186
0.12169458879099336
0.12155949510656383
0.12142431552031116
0.12128905052893114
0.12115370064020481
0.12101826637292543
0.12088274825682521
0.1207471468325012
0.12061146265134146
0.12047569627544966
0.12033984827757034
0.12020391924101305
0.12006790975957608
0.11993182043746967
0.11979565188923903
0.1196594047396864
0.11952307962379272
0.1193866771866391
0.11925019808332701
0.11911364297889881
0.11897701254825667
0.11884030747608205
0.11870352845675364
0.11856667619426516
0.11842975140214258
0.11829275480336011
0.11815568713025679
0.11801854912445114
0.11788134153675574
0.11774406512709137
0.11760672066440017
0.11746930892655806
0.1173318307002867
0.11719428678106468
0.11705667797303806
0.11691900508893016
0.11678126894995063
0.11664347038570366
0.11650561023409614
0.11636768934124395
0.11622970856137858
0.11609166875675267
0.11595357079754433
0.11581541556176164
0.11567720393514556
0.11553893681107248
0.11540061509045624
0.11526223968164888
0.11512381150034098
0.11498533146946119
0.114846800519075
0.11470821958628269
0.1145695896151167
0.11443091155643793
0.1142921863678318
0.11415341501350296
0.11401459846416977
0.11387573769695772
0.1137368336952923
0.11359788744879093
0.11345889995315443
0.11331987221005763
0.1131808052270391
0.11304170001739053
0.1129025576000451
0.11276337899946536
0.11262416524553025
0.11248491737342156
0.11234563642350971
0.11220632344123888
0.11206697947701139
0.11192760558607143
0.11178820282838868
0.11164877226854034
0.11150931497559348
0.11136983202298634
0.11123032448840914
0.11109079345368433
0.11095124000464651
0.11081166523102123
0.11067207022630411
0.11053245608763895
0.11039282391569505
0.11025317481454514
0.11011350989154166
0.10997383025719334
0.10983413702504141
0.10969443131153483
0.1095547142359059
0.10941498692004492
0.10927525048837489
0.10913550606772592
0.10899575478720905
0.10885599777809019
0.10871623617366347
0.10857647110912488
0.10843670372144505
0.10829693514924264
0.10815716653265676
0.10801739901322013
0.1078776337337316
0.10773787183812869
0.10759811447136022
0.107458362779259
0.10731861790841438
0.10717888100604477
0.10703915321987063
0.1068994356979871
0.10675972958873721
0.10662003604058481
0.10648035620198792
0.10634069122127252
0.10620104224650605
0.1060614104253718
0.10592179690504303
0.10578220283205789
0.10564262935219448
0.10550307761034634
0.10536354875039841
0.10522404391510329
0.10508456424595838
0.10494511088308302
0.10480568496509653
0.10466628762899685
0.1045269200100394
0.1043875832416172
0.104248278455141
0.1041090067799206
0.10396976934304675
0.10383056726927355
0.10369140168090235
0.1035522736976654
0.10341318443661145
0.10327413501199131
0.10313512653514517
0.10299616011439008
0.10285723685490894
0.10271835785864006
0.10257952422416829
0.10244073704661663
0.10230199741753938
0.10216330642481591
0.10202466515254618
0.10188607468094685
0.10174753608624901
0.10160905044059662
0.10147061881194715
0.10133224226397203
0.10119392185595982
0.10105565864271994
0.10091745367448776
0.10077930799683132
0.10064122265055928
0.10050319867163031
0.10036523709106392
0.10022733893485278
0.10008950522387643
0.09995173697381649
0.09981403519507362
0.09967640089268573
0.09953883506624782
0.09940133870983348
0.09926391281191799
0.09912655835530296
0.09898927631704252
0.09885206766837148
0.09871493337463463
0.09857787439521834
0.09844089168348333
0.0983039861866993
0.09816715884598148
0.09803041059622869
0.09789374236606302
0.09775715507777177
0.09762064964725042
0.09748422698394821
0.09734788799081459
0.09721163356424822
0.09707546459404744
0.09693938196336244
0.09680338654864949
0.09666747921962679
0.09653166083923218
0.09639593226358269
0.09626029434193595
0.09612474791665329
0.09598929382316503
0.09585393288993688
0.09571866593843892
0.09558349378311604
0.09544841723136024
0.09531343708348464
0.09517855413269967
0.09504376916509062
0.09490908295959732
0.09477449628799559
0.09464000991488014
0.09450562459764986
0.09437134108649434
0.09423716012438264
0.09410308244705322
0.0939691087830063
0.09383523985349752
0.09370147637253354
0.09356781904686913
0.0934342685760064
0.09330082565219523
0.09316749096043567
0.09303426517848218
0.09290114897684887
0.0927681430188173
0.09263524796044512
0.09250246445057675
0.09236979313085543
0.09223723463573698
0.09210478959250519
0.0919724586212885
0.09184024233507831
0.091708141339749
0.09157615623407894
0.0914442876097735
0.09131253605148915
0.0911809021368591
0.09104938643652025
0.0909179895141416
0.09078671192645406
0.0906555542232812
0.09052451694757199
0.09039360063543407
0.0902628058161688
0.09013213301230727
0.09000158273964756
0.08987115550729334
0.08974085181769328
0.08961067216668192
0.08948061704352142
0.08935068693094456
0.08922088230519847
0.08909120363608977
0.08896165138703041
0.08883222601508463
0.08870292797101667
0.08857375769933964
0.08844471563836503
0.08831580222025319
0.08818701787106456
0.08805836301081191
0.08792983805351293
0.08780144340724397
0.08767317947419416
0.08754504665072058
0.08741704532740363
0.08728917588910338
0.08716143871501625
0.08703383417873263
0.08690636264829452
0.08677902448625413
0.08665182004973271
0.08652474969047987
0.08639781375493338
0.08627101258427933
0.08614434651451275
0.08601781587649826
0.08589142099603159
0.08576516219390064
0.08563903978594761
0.08551305408313063
0.08538720539158616
0.08526149401269117
0.08513592024312573
0.08501048437493552
0.08488518669559464
0.0847600274880684
0.0846350070308761
0.08451012559815388
0.08438538345971763
0.08426078088112582
0.08413631812374234
0.08401199544479893
0.08388781309745828
0.08376377133087612
0.08363987039026366
0.08351611051695002
0.08339249194844389
0.08326901491849556
0.0831456796571584
0.08302248639085029
0.08289943534241442
0.08277652673118044
0.08265376077302444
0.08253113768042954
0.08240865766254535
0.08228632092524749
0.08216412767119662
0.08204207809989703
0.08192017240775504
0.08179841078813638
0.0816767934314239
0.08155532052507428
0.08143399225367434
0.0813128087989971
0.08119177034005697
0.08107087705316468
0.08095012911198166
0.08082952668757354
0.08070906994846375
0.08058875906068577
0.08046859418783539
0.08034857549112204
0.08022870312941957
0.08010897725931664
0.0799893980351661
0.07986996560913402
0.079750680131248
0.07963154174944476
0.07951255060961707
0.07939370685566018
0.07927501062951736
0.0791564620712247
0.07903806131895569
0.07891980850906437
0.07880170377612838
0.07868374725299118
0.07856593907080331
0.07844827935906304
0.07833076824565645
0.07821340585689687
0.07809619231756298
0.07797912775093702
0.07786221227884152
0.0777454460216759
0.07762882909845191
0.07751236162682856
0.07739604372314622
0.07727987550245993
0.07716385707857215
0.07704798856406463
0.07693227007032963
0.07681670170760026
0.07670128358498024
0.07658601581047286
0.07647089849100927
0.0763559317324759
0.0762411156397413
0.07612645031668228
0.07601193586620905
0.07589757239029013
0.07578335998997598
0.07566929876542244
0.07555538881591314
0.07544163023988133
0.07532802313493095
0.07521456759785719
0.07510126372466615
0.07498811161059382
0.0748751113501247
0.07476226303700932
0.07464956676428144
0.07453702262427445
0.07442463070863725
0.07431239110834906
0.07420030391373436
0.07408836921447648
