0.7163920529182342
0.5200017712810586
0.4565190963735782
0.415931902344918
0.3866952894238533
0.36441844105060683
0.34688472512370294
0.3327951350920207
0.32131257683214814
0.31186064841950467
0.30402273470910623
0.29748655326770934
0.2920114540865858
0.2874080079738218
0.28352464982300685
0.2802385855291909
0.277449387614195
0.27507434628987376
0.2730450013699905
0.27130449070421536
0.26980547834108803
0.26850850502621837
0.26738065424211155
0.2663944599157647
0.26552700364264564
0.264759163719665
0.26407498794723383
0.26346116870699043
0.26290660334755406
0.262402026136733
0.2619397004278699
0.2615131615313167
0.2611170022586896
0.2607466943266278
0.26039843983449784
0.260069047907813
0.25975583235251853
0.25945652681312187
0.25916921448380165
0.25889226989752623
0.25862431072373415
0.25836415784914335
0.2581108023067907
0.2578633778627425
0.25762113827459426
0.25738343840672784
0.257149718529468
0.2569194912472421
0.2566923305985061
0.25646786295086144
0.25624575938130834
0.25602572928634726
0.25580751501168547
0.25559088732831986
0.25537564161216564
0.25516159460936483
0.2549485816899101
0.25473645450906734
0.2545250790099407
0.25431433371193807
0.25410410823930885
0.2538943020517107
0.253684823345196
0.25347558809734766
0.2532665192347176
0.25305754590439167
0.25284860283454536
0.2526396297713739
0.25243057098185595
0.25222137481352613
0.25201199330383595
0.2518023818328415
0.2515924988138987
0.2513823054178289
0.2511717653266513
0.25096084451350953
0.25074951104585796
0.25053773490933806
0.2503254878500886
0.2501127432334948
0.2498994759176109
0.24968566213968899
0.24947127941441663
0.24925630644262123
0.24904072302933034
0.24882451001019873
0.24860764918541745
0.24839012326031368
0.24817191579193726
0.24795301114100074
0.24773339442860987
0.2475130514972795
0.24729196887578278
0.24707013374743042
0.2468475339214172
0.24662415780691238
0.24639999438960264
0.2461750332104278
0.24594926434627504
0.2457226783924221
0.24549526644654135
0.2452670200940954
0.24503793139497215
0.24480799287122307
0.24457719749578188
0.24434553868205316
0.2441130102742722
0.24387960653854668
0.24364532215450008
0.24341015220744544
0.2431740921810244
0.242937137950254
0.24269928577492927
0.24246053229333503
0.24222087451622515
0.2419803098210323
0.24173883594627454
0.24149645098612937
0.2412531533851483
0.2410089419330887
0.24076381575984146
0.2405177743304365
0.2402708174401085
0.24002294520940934
0.23977415807935368
0.23952445680658613
0.23927384245856131
0.23902231640872623
0.23876988033169885
0.2385165361984366
0.23826228627138815
0.23800713309962496
0.23775107951394805
0.23749412862196811
0.23723628380315484
0.23697754870385565
0.2367179272322812
0.23645742355345808
0.23619604208414763
0.2359337874877322
0.23567066466906905
0.23540667876931257
0.2351418351607069
0.23487613944135133
0.2346095974299381
0.23434221516046772
0.2340739988769429
0.23380495502804333
0.2335350902617852
0.23326441142016824
0.2329929255338129
0.23272063981659125
0.23244756166025526
0.23217369862906584
0.23189905845442477
0.231623649029516
0.23134747840395609
0.2310705547784609
0.23079288649952984
0.23051448205415206
0.23023535006453816
0.22995549928288073
0.22967493858614743
0.2293936769709101
0.2291117235482127
0.22882908753848247
0.2285457782664868
0.2282618051563391
0.22797717772655673
0.2276919055851751
0.22740599842491888
0.22711946601843513
0.2268323182135899
0.2265445649288318
0.22625621614862418
0.22596728191894927
0.22567777234288625
0.22538769757626542
0.22509706782340091
0.22480589333290377
0.22451418439357745
0.2242219513303974
0.2239292045005769
0.2236359542897201
0.22334221110806443
0.2230479853868137
0.2227532875745626
0.2224581281338144
0.2221625175375937
0.2218664662661527
0.2215699848037756
0.2212730836356787
0.22097577324500894
0.22067806410994076
0.2203799667008722
0.22008149147772071
0.21978264888731872
0.21948344936091052
0.21918390331174895
0.21888402113279423
0.21858381319451348
0.21828328984278167
0.21798246139688487
0.21768133814762375
0.2173799303555205
0.21707824824912553
0.21677630202342651
0.21647410183835875
0.21617165781741665
0.21586898004636518
0.21556607857205312
0.21526296340132625
0.21495964450003957
0.21465613179217016
0.21435243515902844
0.2140485644385675
0.21374452942479116
0.21344033986725822
0.21313600547068356
0.21283153589463463
0.21252694075332224
0.21222222961548498
0.21191741200436545
0.2116124973977776
0.21130749522826298
0.2110024148833346
0.21069726570580677
0.21039205699420782
0.2100867980032744
0.20978149794452414
0.2094761659869047
0.2091708112575147
0.2088654428423954
0.20856006978738686
0.2082547010990476
0.20794934574563115
0.20764401265811708
0.20733871073129045
0.20703344882486618
0.2067282357646522
0.20642308034374648
0.20611799132376263
0.20581297743607943
0.2055080473831059
0.20520320983955975
0.20489847345375087
0.20459384684886514
0.20428933862424298
0.2039849573566468
0.20368071160151147
0.2033766098941745
0.20307266075107777
0.20276887267093965
0.20246525413588998
0.20216181361256585
0.20185855955316379
0.20155550039644463
0.2012526445686884
0.20095000048459696
0.2006475765481417
0.20034538115335437
0.20004342268506037
0.1997417095195527
0.19944025002520632
0.19913905256303238
0.19883812548717228
0.19853747714533201
0.19823711587915716
0.1979370500245491
0.19763728791192392
0.19733783786641484
0.19703870820801908
0.19673990725169177
0.19644144330738672
0.1961433246800476
0.1958455596695499
0.1955481565705952
0.19525112367256145
0.19495446925930804
0.19465820160894037
0.19436232899353378
0.19406685967881898
0.19377180192383173
0.19347716398052647
0.19318295409335762
0.19288918049882847
0.19259585142501062
0.19230297509103353
0.19201055970654796
0.19171861347116284
0.19142714457385743
0.19113616119237004
0.19084567149256465
0.19055568362777595
0.19026620573813421
0.1899772459498712
0.18968881237460702
0.1894009131086199
0.1891135562320988
0.18882674980838007
0.18854050188316807
0.18825482048374098
0.18796971361814177
0.1876851892743554
0.18740125541947145
0.1871179199988339
0.1868351909351766
0.1865530761277462
0.18627158345141195
0.18599072075576212
0.18571049586418722
0.18543091657295085
0.1851519906502467
0.1848737258352424
0.18459612983711016
0.18431921033404403
0.18404297497226224
0.18376743136499707
0.1834925870914692
0.18321844969584822
0.182945026686198
0.18267232553340695
0.1824003536701035
0.18212911848955482
0.1818586273445512
0.18158888754627264
0.18131990636314033
0.181051691019651
0.18078424869519422
0.1805175865228536
0.18025171158819
0.1799866309280081
0.17972235152910568
0.17945888032700558
0.1791962242046708
0.17893438999120187
0.17867338446051811
0.17841321433002144
0.1781538862592443
0.17789540684848112
0.17763778263740415
0.17738102010366386
0.17712512566147506
0.17687010566018804
0.1766159663828469
0.1763627140447348
0.17611035479190695
0.17585889469971272
0.17560833977130763
0.17535869593615538
0.17510996904852233
0.1748621648859643
0.17461528914780783
0.17436934745362642
0.17412434534171262
0.173880288267549
0.17363718160227742
0.17339503063116882
0.17315384055209548
0.17291361647400597
0.1726743634154052
0.17243608630284113
0.17219878996939908
0.1719624791532055
0.171727158495943
0.17149283254137776
0.17125950573390133
0.17102718241708814
0.17079586683227033
0.17056556311713178
0.17033627530432238
0.1701080073200944
0.16988076298296304
0.16965454600239133
0.16942935997750241
0.1692052083958196
0.16898209463203623
0.16876002194681644
0.16853899348562848
0.1683190122776119
0.16810008123447961
0.16788220314945695
0.16766538069625747
0.16744961642809864
0.1672349127767569
0.1670212720516642
0.16680869643904678
0.16659718800110718
0.16638674867525044
0.16617738027335588
0.16596908448109438
0.16576186285729322
0.1655557168333484
0.16535064771268554
0.16514665667026973
0.16494374475216553
0.164741912875147
0.16454116182635936
0.16434149226303127
0.16414290471223963
0.16394539957072643
0.16374897710476818
0.16355363745009827
0.1633593806118826
0.16316620646474844
0.16297411475286666
0.16278310509008767
0.16259317696013104
0.162404329716828
0.16221656258441877
0.16202987465790203
0.16184426490343806
0.1616597321588052
0.16147627513390872
0.16129389241134257
0.16111258244700255
0.16093234357075226
0.1607531739871393
0.16057507177616318
0.1603980348940931
0.16022206117433543
0.1600471483283506
0.15987329394661837
0.15970049549965087
0.15952875033905295
0.1593580556986287
0.1591884086955332
0.15901980633146984
0.15885224549393046
0.15868572295747935
0.15852023538507853
0.15835577932945458
0.15819235123450492
0.15802994743674434
0.15786856416678768
0.15770819755087107
0.1575488436124081
0.15739049827358081
0.1572331573569643
0.15707681658718353
0.1569214715926015
0.1567671179070373
0.15661375097151226
0.15646136613602513
0.15630995866135153
0.15615952372086989
0.15601005640241025
0.15586155171012583
0.15571400456638523
0.15556740981368497
0.15542176221658
0.15527705646363174
0.15513328716937144
0.1549904488762787
0.15484853605677243
0.15470754311521434
0.15456746438992222
0.15442829415519335
0.15429002662333466
0.15415265594670075
0.15401617621973612
0.1538805814810219
0.15374586571532545
0.15361202285565095
0.15347904678529062
0.1533469313398745
0.1532156703094186
0.15308525744036858
0.15295568643763988
0.152826950966651
0.15269904465535053
0.15257196109623555
0.15244569384836087
0.15232023643933829
0.15219558236732375
0.1520717251029927
0.15194865809150132
0.1518263747544339
0.151704868491734
0.15158413268362
0.15146416069248264
0.15134494586476463
0.15122648153282117
0.15110876101676032
0.15099177762626279
0.1508755246623802
0.1507599954193111
0.15064518318615372
0.15053108124863537
0.1504176828908172
0.15030498139677412
0.15019297005224935
0.1500816421462822
0.14997099097280991
0.14986100983224154
0.1497516920330051
0.1496430308930656
0.1495350197414152
0.14942765191953408
0.14932092078282239
0.14921481970200234
0.14910934206449022
0.14900448127573873
0.14890023076054873
0.14879658396435005
0.14869353435445185
0.1485910754212619
0.14848920067947505
0.14838790366922994
0.1482871779572353
0.14818701713786386
0.14808741483421645
0.14798836469915297
0.147889860416294
0.14779189570098944
0.14769446430125735
0.147597559998691
0.14750117660933515
0.14740530798453186
0.14730994801173497
0.14721509061529509
0.14712072975721352
0.14702685943786667
0.14693347369670046
0.1468405666128953
0.14674813230600203
0.14665616493654812
0.1465646587066165
0.14647360786039482
0.1463830066846975
0.14629284950945973
0.14620313070820462
0.1461138446984826
0.1460249859422855
0.14593654894643315
0.14584852826293532
0.1457609184893276
0.14567371426898307
0.14558691029139853
0.1455005012924577
0.14541448205467009
0.145328847407387
0.14524359222699473
0.14515871143708575
0.14507420000860766
0.14499005295999134
0.14490626535725767
0.14482283231410453
0.14473974899197323
0.14465701060009598
0.14457461239552416
0.14449254968313835
0.14441081781563986
0.1443294121935254
0.14424832826504416
0.14416756152613852
0.14408710752036857
0.14400696183882128
0.14392712012000403
0.1438475780497238
0.14376833136095196
0.1436893758336754
0.14361070729473402
0.14353232161764587
0.14345421472241923
0.14337638257535334
0.14329882118882722
0.14322152662107696
0.14314449497596354
0.14306772240272891
0.14299120509574342
0.14291493929424295
0.1428389212820576
0.14276314738733126
0.1426876139822333
0.1426123174826623
0.14253725434794193
0.14246242108051038
0.14238781422560248
0.14231343037092536
0.14223926614632887
0.1421653182234691
0.14209158331546765
0.1420180581765651
0.14194473960177018
0.14187162442650408
0.14179870952624152
0.1417259918161468
0.14165346825070765
0.14158113582336473
0.1415089915661391
0.14143703254925621
0.1413652558807682
0.14129365870617375
0.14122223820803584
0.14115099160559805
0.14107991615439963
0.14100900914588907
0.14093826790703676
0.14086768979994707
0.14079727222146965
0.14072701260281073
0.14065690840914388
0.14058695713922098
0.14051715632498346
0.1404475035311739
0.1403779963549485
0.14030863242548927
0.14023940940361862
0.14017032498141385
0.14010137688182303
0.14003256285828275
0.13996388069433663
0.139895328203256
0.13982690322766175
0.13975860363914863
0.13969042733791087
0.13962237225237062
0.13955443633880737
0.13948661758099123
0.13941891398981685
0.13935132360294136
0.13928384448442357
0.1392164747243664
0.13914921243856218
0.13908205576813992
0.13901500287921637
0.13894805196254906
0.13888120123319317
0.13881444893016032
0.13874779331608153
0.13868123267687257
0.13861476532140263
0.1385483895811661
0.13848210380995776
0.1384159063835512
0.13834979569938016
0.13828377017622373
0.13821782825389464
0.13815196839293062
0.13808618907428963
0.13802048879904832
0.13795486608810387
0.1378893194818791
0.13782384754003135
0.13775844884116462
0.13769312198254519
0.13762786557982043
0.13756267826674196
0.13749755869489103
0.13743250553340824
0.13736751746872644
0.13730259320430702
0.13723773146037982
0.13717293097368624
0.13710819049722606
0.13704350880000704
0.13697888466679914
0.13691431689789052
0.1368498043088484
0.1367853457302823
0.13672094000761095
0.13665658600083241
0.13659228258429776
0.13652802864648755
0.13646382308979219
0.1363996648302948
0.13633555279755766
0.13627148593441216
0.13620746319675098
0.1361434835533245
0.13607954598553929
0.13601564948726047
0.1359517930646165
0.13588797573580752
0.13582419653091626
0.13576045449172192
0.13569674867151732
0.13563307813492864
0.135569441957738
0.1355058392267091
0.13544226903941564
0.13537873050407184
0.13531522273936697
0.13525174487430147
0.13518829604802612
0.13512487540968396
0.13506148211825475
0.134998115342402
0.1349347742603223
0.1348714580595976
0.13480816593704972
0.13474489709859722
0.1346816507591149
0.13461842614229558
0.1345552224805141
0.13449203901469386
0.13442887499417563
0.13436572967658827
0.13430260232772218
0.13423949222140458
0.13417639863937697
0.1341133208711751
0.13405025821401034
0.13398720997265373
0.13392417545932186
0.13386115399356469
0.1337981449021553
0.13373514751898197
0.13367216118494146
0.133609185247835
0.13354621906226527
0.13348326198953642
0.13342031339755425
0.13335737266072953
0.13329443915988262
0.1332315122821497
0.13316859142089046
0.13310567597559833
0.1330427653518112
0.13297985896102463
0.1329169562206062
0.13285405655371157
0.1327911593892021
0.13272826416156375
0.13266537031082787
0.13260247728249297
0.13253958452744827
0.13247669150189864
0.13241379766729072
0.13235090249024045
0.1322880054424622
0.1322251060006991
0.1321622036466541
0.1320992978669235
0.13203638815293062
0.13197347400086124
0.13191055491159992
0.1318476303906682
0.13178469994816328
0.13172176309869782
0.13165881936134144
0.13159586825956307
0.13153290932117423
0.13146994207827345
0.131406966067192
0.13134398082844023
0.13128098590665555
0.13121798085055064
0.13115496521286352
0.1310919385503076
0.1310289004235236
0.13096585039703204
0.1309027880391865
0.13083971292212798
0.13077662462174006
0.13071352271760517
0.13065040679296142
0.13058727643466034
0.1305241312331259
0.13046097078231336
0.1303977946796701
0.13033460252609658
0.13027139392590778
0.13020816848679645
0.13014492581979603
0.13008166553924494
0.13001838726275153
0.12995509061115923
0.12989177520851353
0.1298284406820281
0.12976508666205328
0.12970171278204357
0.1296383186785274
0.12957490399107613
0.12951146836227476
0.12944801143769244
0.12938453286585427
0.12932103229821323
0.12925750938912295
0.12919396379581094
0.12913039517835265
0.12906680319964559
0.12900318752538473
0.12893954782403738
0.12887588376681994
0.12881219502767416
0.12874848128324412
0.1286847422128543
0.12862097749848717
0.12855718682476217
0.12849336987891463
0.12842952635077548
0.1283656559327511
0.12830175831980395
0.1282378332094336
0.12817388030165797
0.12810989929899497
0.12804588990644528
0.1279818518314746
0.1279177847839968
0.12785368847635742
0.12778956262331792
0.12772540694203924
0.12766122115206713
0.12759700497531679
0.12753275813605847
0.12746848036090327
0.1274041713787891
0.12733983092096723
0.12727545872098925
0.12721105451469414
0.12714661804019564
0.1270821490378703
0.12701764725034553
0.12695311242248802
0.12688854430139243
0.1268239426363708
0.12675930717894146
0.12669463768281905
0.12662993390390428
0.12656519560027407
0.12650042253217242
0.12643561446200072
0.12637077115430911
0.12630589237578757
0.1262409778952577
0.1261760274836642
0.12611104091406714
0.12604601796163428
0.12598095840363335
0.12591586201942503
0.1258507285904558
0.12578555790025125
0.12572034973440926
0.12565510388059392
0.12558982012852923
0.125524498269993
0.1254591380988114
0.12539373941085305
0.125328302004024
0.1252628256782622
0.12519731023553266
0.1251317554798229
0.12506616121713765
0.12500052725549507
0.12493485340492208
0.1248691394774502
0.12480338528711177
0.12473759064993596
0.12467175538394518
0.12460587930915162
0.12453996224755388
0.12447400402313369
0.12440800446185274
0.12434196339164998
0.12427588064243872
0.12420975604610376
0.12414358943649934
0.12407738064944618
0.1240111295227295
0.1239448358960967
0.12387849961125555
0.1238121205118719
0.12374569844356825
0.1236792332539216
0.12361272479246216
0.12354617291067171
0.12347957746198229
0.12341293830177477
0.12334625528737767
0.12327952827806607
0.12321275713506061
0.12314594172152646
0.12307908190257263
0.12301217754525098
0.12294522851855566
0.12287823469342257
0.12281119594272859
0.12274411214129144
0.1226769831658691
0.1226098088951595
0.12254258920980027
0.12247532399236873
0.12240801312738159
0.12234065650129498
0.1222732540025044
0.12220580552134483
0.12213831095009102
0.1220707701829573
0.12200318311609828
0.12193554964760861
0.12186786967752378
0.12180014310782035
0.12173236984241616
0.1216645497871712
0.1215966828498879
0.12152876894031159
0.12146080797013137
0.12139279985298042
0.12132474450443713
0.12125664184202524
0.12118849178521501
0.12112029425542403
0.12105204917601757
0.12098375647230986
0.12091541607156472
0.12084702790299665
0.12077859189777143
0.12071010798900733
0.12064157611177606
0.12057299620310348
0.120504368201971
0.12043569204931619
0.12036696768803416
0.12029819506297834
0.12022937412096175
0.12016050481075798
0.1200915870831022
0.12002262089069252
0.1199536061881908
0.11988454293222403
0.11981543108138519
0.11974627059623466
0.11967706143930124
0.1196078035750832
0.1195384969700496
0.1194691415926413
0.1193997374132723
0.11933028440433069
0.11926078254017983
0.11919123179715971
0.11912163215358783
0.11905198358976055
0.1189822860879541
0.11891253963242576
0.1188427442094151
0.11877289980714492
0.11870300641582256
0.11863306402764065
0.11856307263677884
0.11849303223940424
0.11842294283367283
0.11835280441973053
0.11828261699971426
0.11821238057775271
0.11814209515996771
0.11807176075447506
0.1180013773713857
0.11793094502280634
0.11786046372284076
0.11778993348759072
0.11771935433515668
0.11764872628563873
0.11757804936113796
0.11750732358575647
0.117436548985599
0.11736572558877335
0.11729485342539127
0.11722393252756913
0.11715296292942896
0.11708194466709886
0.11701087777871386
0.11693976230441659
0.11686859828635796
0.11679738576869761
0.11672612479760487
0.11665481542125877
0.11658345768984914
0.11651205165557678
0.11644059737265404
0.11636909489730524
0.1162975442877673
0.11622594560428971
0.11615429890913517
0.11608260426657996
0.11601086174291395
0.11593907140644118
0.11586723332747995
0.11579534757836281
0.11572341423343713
0.1156514333690647
0.1155794050636223
0.11550732939750148
0.11543520645310854
0.11536303631486462
0.11529081906920552
0.11521855480458182
0.1151462436114583
0.11507388558231423
0.11500148081164284
0.11492902939595125
0.1148565314337598
0.11478398702560226
0.11471139627402499
0.11463875928358662
0.11456607616085769
0.11449334701442002
0.11442057195486618
0.11434775109479892
