0.45321580819773355
0.25507200173900374
0.22902257887171149
0.21074266050880744
0.19410365530089
0.17878320148833066
0.16853271599154207
0.162019557636491
0.155949320715973
0.1494489315462338
0.14214021607616759
0.13350511590864378
0.12280171356889777
0.10939162904914168
0.09371065954311061
0.07882084677071138
0.06702877905280183
0.0574870403812017
0.050093260436213885
0.04449106024905238
0.03995379308056543
0.03599353514493782
0.032378673590437584
0.02898067842338255
0.02569147907880556
0.022411064970475857
0.01906074618513323
0.01565191678142924
0.012385613461170791
0.009697544841969094
0.007933873595693178
0.0068897238578920625
0.006191171984711244
0.005645765362950854
0.005182405481956614
0.004772586573052495
0.004409753074598184
0.004078177839314253
0.003754458046342791
0.0034291033181083237
0.003094082473126254
0.0027455599165000693
0.002383183504299539
0.0020096950415133745
0.0016338274946993423
0.0012823447829556555
0.0009708514829995829
0.0007156726170422747
0.000529073622586481
0.0003997540222194959
0.00031390149471130816
0.0002586480824937924
0.00021916646382131238
0.00019231332461329016
0.00017093146442280786
0.00015485742383597345
0.00014200198990938444
0.00013112206994658225
0.00012244057583280903
0.00011467771082223597
0.00010855669159401575
0.0001027410277194363
9.772441734938384e-05
9.290961998933563e-05
8.804846107229695e-05
8.421229075903039e-05
8.042431798069707e-05
7.683923847531969e-05
7.335755541838947e-05
6.976276800470962e-05
6.673753136768173e-05
6.386224782337104e-05
6.119492106512595e-05
5.8545784405439436e-05
5.581164100723295e-05
5.377043123595274e-05
5.1843555819997515e-05
4.98370490488572e-05
4.802168796082325e-05
4.620191498319273e-05
4.4315989585081934e-05
4.26659689324546e-05
4.122058338836003e-05
3.9726246547766935e-05
3.8403059631798175e-05
3.713291655911611e-05
3.589632417316269e-05
3.469809036647391e-05
3.368119130317422e-05
3.2391016856108735e-05
3.155788508021607e-05
3.0364607001133015e-05
2.9403971306487694e-05
2.8584142266712326e-05
2.7787249104361328e-05
2.7039886482677683e-05
2.6268475586420428e-05
2.5492433235645925e-05
2.4807096709010637e-05
2.4175024597168572e-05
2.3516579277211895e-05
2.296754819250304e-05
2.243055659434207e-05
2.1895849177150743e-05
2.1352836355591646e-05
2.1456053452693558e-05
2.0363886699140973e-05
1.9899761128464722e-05
2.13413239677607e-05
1.9003822629425002e-05
1.863358732391636e-05
1.8164720842448318e-05
1.77310969155987e-05
1.735725310815526e-05
1.7017421373144754e-05
1.6662750304139176e-05
1.6327599960108088e-05
1.5989103046786465e-05
1.5783921915933867e-05
1.531022444060834e-05
1.532976017213872e-05
1.4953913069795801e-05
1.4382356790031524e-05
1.4105120148679457e-05
1.3814039533625683e-05
1.3938764904464838e-05
1.327416812112556e-05
1.3089375565602283e-05
1.2781330511330359e-05
1.2550271109889648e-05
1.2316316367682474e-05
1.2090419523308929e-05
1.1863818088454708e-05
1.183934949666334e-05
1.1439516626901097e-05
1.122950902785521e-05
1.1068981728231892e-05
1.0910276664743079e-05
1.0751675631144883e-05
1.0584553922120136e-05
1.043257835068254e-05
1.026250235247013e-05
1.0092121830971294e-05
1.0291899456181602e-05
9.792984117738581e-06
9.654385444707289e-06
9.522802533903525e-06
9.385907068190679e-06
9.24108219647358e-06
9.156317529174932e-06
8.994748976867606e-06
8.877675924743266e-06
8.76359499885843e-06
8.64317552927352e-06
8.95822878801827e-06
8.423140936594208e-06
8.31946282955741e-06
8.22353976121316e-06
8.111651127775216e-06
9.601867179942058e-06
7.900362620111187e-06
7.794126657018378e-06
8.125041693547768e-06
7.590397141837207e-06
7.536106202390572e-06
7.408991771439614e-06
7.3583569660985655e-06
7.238229786013974e-06
7.148279260212026e-06
7.113811114871111e-06
6.984889937352818e-06
6.914543004045638e-06
6.833313958241841e-06
6.7506070152087385e-06
6.676786250100551e-06
6.5998167627747865e-06
6.5346129801717335e-06
6.4720204903354806e-06
6.406906612047582e-06
6.345785724980827e-06
6.2801909795248166e-06
6.210115998388424e-06
6.152672702789178e-06
6.095115644895282e-06
6.0341493134546695e-06
6.00058140072206e-06
5.916123085307322e-06
5.860346340077219e-06
5.814379036856797e-06
5.749453950968838e-06
5.689380162819276e-06
5.636546671695373e-06
5.577063775249935e-06
5.522874912411875e-06
5.468644545965119e-06
5.683030925513199e-06
5.3655020170139275e-06
5.314803155881196e-06
5.268922059598385e-06
5.221500709371283e-06
5.179937221299165e-06
5.1354486045232475e-06
5.0898560273256825e-06
5.046392606032284e-06
5.001329006354288e-06
5.296181255494645e-06
4.916619493436106e-06
4.888264651800805e-06
4.838503380314475e-06
5.042998573707826e-06
4.759487531132255e-06
4.718658046321512e-06
4.698087475951773e-06
4.649866460463551e-06
4.613190024200003e-06
4.578528651311923e-06
4.5411363607540425e-06
4.506858750280435e-06
4.470955569076513e-06
4.4354698657766026e-06
4.402672575988532e-06
4.364718252628599e-06
4.3339297587198356e-06
4.307403739547932e-06
4.277794574427547e-06
4.30656367539946e-06
4.219189248385321e-06
4.187663077158512e-06
4.1782602503402335e-06
4.127238508042838e-06
4.097196439133602e-06
4.352187042370682e-06
4.040846356720334e-06
4.030211808063964e-06
3.9887743913980265e-06
3.960488980922364e-06
3.933985437177841e-06
3.90578661067928e-06
4.275774897808226e-06
3.853368426106181e-06
3.826273720987729e-06
3.892701460853994e-06
5.987272974047994e-06
3.753395081514549e-06
3.727809598116705e-06
3.707206123247904e-06
3.6858769208695482e-06
3.6641451023490052e-06
4.676760049815998e-06
3.6209557723613284e-06
3.5983578553768943e-06
5.545121707962657e-06
3.556061015452473e-06
4.300403883715039e-06
3.514253274304885e-06
3.492103107831659e-06
3.4750547171166635e-06
3.90168614813214e-06
3.434928966445915e-06
3.4149301072434095e-06
3.4365159217300015e-06
3.3768351092147756e-06
3.35719153585483e-06
3.347944803963426e-06
3.320194519716186e-06
3.3035081975550694e-06
3.2861201311462653e-06
3.2694119202452745e-06
3.250738285512652e-06
3.2343237376004766e-06
3.287758289324783e-06
4.622443356553717e-06
3.1831538704855032e-06
3.1671050264025697e-06
3.1563469862487437e-06
3.137888809494474e-06
3.1223950968849444e-06
3.1143154092894103e-06
3.09262225595199e-06
3.076452244597979e-06
3.114556293180645e-06
3.0465560383274385e-06
3.2876876856496476e-06
3.0167407645462345e-06
3.2320075016056994e-06
2.988338597532259e-06
2.973828332427419e-06
2.959258236188723e-06
3.0337912782496485e-06
2.931059335865788e-06
2.922218849270116e-06
2.9056129169035983e-06
3.0641065883202634e-06
2.8818492798822977e-06
2.8703741561197666e-06
2.858305026558252e-06
2.8466201610888903e-06
2.8342984764561667e-06
2.8210024590523885e-06
2.810822660178764e-06
2.801063150636992e-06
2.791480365648723e-06
2.781348989722591e-06
2.8233696875699026e-06
2.759904439065288e-06
2.748329363706639e-06
2.7375414563893744e-06
2.7284231774378056e-06
2.7216559049108474e-06
2.70358646846308e-06
2.6976372538128545e-06
2.681829129059824e-06
4.042815867481482e-06
2.6606521234955247e-06
2.6503885518702308e-06
2.6406088248997552e-06
2.6302286392389375e-06
4.099896335442685e-06
2.6093772054718475e-06
2.6376837949275634e-06
2.5906606643387196e-06
3.1454543977300554e-06
2.5717731889874967e-06
2.5616332554096728e-06
2.555063656276411e-06
2.5437079313359417e-06
2.534012187943056e-06
2.530190075323977e-06
2.6353569135579547e-06
2.5076517758965304e-06
2.499205219767525e-06
2.8960928969942068e-06
2.4822215812180593e-06
2.4732599077313702e-06
2.8579335302696954e-06
2.4566552408930992e-06
2.44909888581281e-06
2.440272225318715e-06
2.4328789676145517e-06
2.4232585841941157e-06
2.416222965120562e-06
2.4079332744603256e-06
2.4024552601543986e-06
2.392410592890795e-06
2.399519382242043e-06
2.37711171025885e-06
2.369983349848881e-06
2.455792133128854e-06
2.3554451353875454e-06
2.347606367947105e-06
2.349174661145005e-06
2.334081432294861e-06
2.327047077459005e-06
2.320175600287532e-06
2.312724325769965e-06
2.3407486622682926e-06
2.2993904828484525e-06
2.292559892792646e-06
2.296051956363989e-06
2.2783638881576734e-06
3.288169175491645e-06
2.264912077349163e-06
2.258574021724657e-06
2.2516513306608384e-06
2.2532308975672245e-06
2.237976291823727e-06
2.2305035899525443e-06
2.2248104313736564e-06
2.7372318812056017e-06
2.211960530245577e-06
2.601144347206702e-06
2.1987383567258577e-06
2.1916946252508454e-06
2.2162698537632462e-06
2.1783688843459227e-06
2.3111965066302406e-06
2.1659314908023413e-06
2.2590855979454453e-06
2.1537833896525248e-06
2.1471352847784464e-06
2.143224552273295e-06
2.1346925721189537e-06
2.228414896440888e-06
2.123033920780927e-06
2.126942186936224e-06
2.1116807506217297e-06
2.7092875601146703e-06
2.0998684831082204e-06
2.093962385185391e-06
2.0890904228775814e-06
2.0826100593253084e-06
2.325895088869799e-06
2.07149737350019e-06
2.0659334484949266e-06
2.8173814930314817e-06
2.055432792830704e-06
2.0504022533654e-06
3.0596259457971803e-06
2.0400397749773274e-06
2.0344896479075187e-06
2.0284799115821507e-06
2.0236092399594416e-06
2.017867295817223e-06
2.5748166014024705e-06
2.0072919393426523e-06
3.3191341600604883e-06
1.9967032640015605e-06
2.2153812118316654e-06
1.9866623229852775e-06
1.9819081654301554e-06
1.978458644655095e-06
1.972234452639428e-06
1.967044422788154e-06
4.579050574621288e-06
1.9569316322303818e-06
1.9520360813573984e-06
1.946693888240943e-06
1.942489336752963e-06
1.9375820732438235e-06
1.981294063282111e-06
1.9279678618174027e-06
1.9694637389597035e-06
1.9180016860318824e-06
1.9126765139659387e-06
1.9363175177833995e-06
1.9025454855925975e-06
2.3869903332668473e-06
1.8930795578220931e-06
1.888884765317757e-06
1.8840488804103758e-06
1.8791915436909854e-06
2.636786667813846e-06
1.8700136584044522e-06
1.8654721698725347e-06
1.86141322359336e-06
1.8564994733817012e-06
2.1228728120558907e-06
1.8473958084456297e-06
1.8622207987883422e-06
1.8384639898721434e-06
1.8481374721488795e-06
1.8290004584115877e-06
1.8564224047366191e-06
1.820008901864503e-06
1.8160040612693078e-06
1.8116221677212968e-06
2.159455017485497e-06
1.803114428173991e-06
1.7987236965498055e-06
1.976198561974033e-06
1.79070002063467e-06
1.786757664340453e-06
1.8559566473246024e-06
1.778531695587917e-06
1.77414447204928e-06
2.1197100688279488e-06
1.7659996927159021e-06
1.7620671661750342e-06
1.7585151966796913e-06
1.7542377090537838e-06
1.74982509723393e-06
1.7466119918158773e-06
1.7425790697885439e-06
1.7386821300912396e-06
1.735681946337806e-06
1.7309563030680534e-06
1.7378975780736817e-06
1.723004530464503e-06
1.718624315703045e-06
1.7161785532718487e-06
1.7181833617809273e-06
1.7074803209976713e-06
1.8148794249152294e-06
1.6998602831498283e-06
1.6958270420913544e-06
1.726375780383198e-06
1.6884120331491093e-06
1.685289953963138e-06
1.6811581051655476e-06
1.6776246272743441e-06
1.673769136212034e-06
1.6696529549715158e-06
1.666486388092756e-06
1.6630101161104585e-06
1.6602598309209397e-06
1.6560802610615477e-06
1.6522501022460852e-06
1.6541269013897885e-06
1.6450579032086647e-06
1.9864739607916255e-06
1.6380029044709719e-06
1.6343700774546817e-06
1.6304748116379663e-06
1.6273826234575016e-06
1.623978652755594e-06
1.6218358123552344e-06
1.6173675263750928e-06
1.6136823230245615e-06
1.6175982657483379e-06
1.607010759328103e-06
1.6361068442533348e-06
1.6004153378746926e-06
1.5968374576650377e-06
1.6450924847354365e-06
1.5899713202797872e-06
1.5863009624263524e-06
1.7333893407943272e-06
1.5792499068884815e-06
1.5759474138871958e-06
1.5721034697304415e-06
1.5695772672707183e-06
1.5657994601109463e-06
1.5684055702370083e-06
1.5596312856556911e-06
1.5562473786391469e-06
1.5531862815677773e-06
1.5496271502614157e-06
1.5775892515768263e-06
1.550123940733048e-06
1.5392535783674602e-06
1.5368126053678327e-06
1.5331138725852743e-06
1.5355841487484765e-06
1.5271586020273127e-06
1.523905040548762e-06
1.5255969667839094e-06
1.5175728453589007e-06
1.5608008693171597e-06
1.5294462159477115e-06
1.5077679364806223e-06
1.644414546915744e-06
1.5026490289657283e-06
1.4998475158802944e-06
1.4952350867753626e-06
1.4928586612307898e-06
1.4892171952673449e-06
1.6207824948341619e-06
1.4834535623490629e-06
1.479886343762168e-06
1.4789808663256003e-06
1.4744095584443325e-06
1.493634136580697e-06
1.4689433780052184e-06
1.4660167268978627e-06
1.5135061260386594e-06
1.4602230724761454e-06
1.4571074047447952e-06
1.4831643402092388e-06
1.4795847138724246e-06
1.4486171443334687e-06
1.4457012094975239e-06
1.442280753119224e-06
1.4615438432760199e-06
1.437041299503347e-06
1.5377596015379741e-06
1.4319226974432168e-06
1.702666314009915e-06
1.4265793066187253e-06
1.4237047437828566e-06
2.0275607444202344e-06
1.4183661236561035e-06
1.4158934593750852e-06
1.4149978339920595e-06
1.4107669783602143e-06
1.4097412236720653e-06
1.4053458118421125e-06
1.7217227435954553e-06
1.4000987241832172e-06
1.3974868883942174e-06
1.4659225933007714e-06
1.3924352661660884e-06
1.3897806585145204e-06
2.286974215450004e-06
1.3845789908434348e-06
1.3819201536670643e-06
1.4710455050620259e-06
1.3768772727526394e-06
1.3744979116629592e-06
1.4509844010093602e-06
1.3696393816189401e-06
1.3669856650681637e-06
1.400460984501878e-06
1.361622330080783e-06
1.4607109162007714e-06
1.3570918913437277e-06
1.3544658725133966e-06
1.3517470547257316e-06
1.3611722725401972e-06
1.3467428195022486e-06
1.3439964955982423e-06
1.3433835706191458e-06
1.3394390748498592e-06
1.3378816477867299e-06
1.3349563462863526e-06
1.4800808342426226e-06
1.3301540043571188e-06
1.3274821012270395e-06
1.34243941024582e-06
1.322831713273694e-06
1.320480287910246e-06
1.51873225483911e-06
1.3157473202173352e-06
1.3132576618811477e-06
1.3121083230083946e-06
1.3082198345184966e-06
1.3093266098988334e-06
1.303645485246279e-06
1.3055569343185743e-06
1.2991218762868305e-06
1.2977017010115019e-06
1.2945790394833512e-06
1.2923320328454238e-06
1.2899505855551036e-06
1.2883659033720477e-06
1.2856845604683793e-06
1.283315826829164e-06
1.2834622218444793e-06
1.278922766260398e-06
1.2765983320455442e-06
1.4153283456700033e-06
1.2722159332304914e-06
1.2700448659765165e-06
1.2773412420814777e-06
1.265821999282373e-06
1.2635370774374455e-06
1.2610267182960046e-06
1.259095043156695e-06
1.2565768535992622e-06
1.2544275080367136e-06
2.56743485654317e-06
1.2495809819770241e-06
1.2642675714174806e-06
1.2453199287127401e-06
1.2431125291842388e-06
1.2417008253476696e-06
1.2390735526855784e-06
1.2368241724947968e-06
1.2348267821329897e-06
1.2325052292851463e-06
1.2300842445218419e-06
1.228672397321462e-06
1.4097033084330591e-06
1.2238413440313081e-06
1.2344648124180803e-06
1.2194770955256074e-06
1.2332256895609611e-06
1.2152759005469574e-06
1.213140320129195e-06
1.212660199794295e-06
1.2091056370891326e-06
1.2068467057373796e-06
1.2951565182835855e-06
1.2028775137123043e-06
1.4730290250272472e-06
1.1990510564201764e-06
1.1969851946635925e-06
1.2160651732125984e-06
1.1931147795238056e-06
1.1910610991544888e-06
1.2877214454983401e-06
1.1872098121666318e-06
1.1852605301167206e-06
1.1930870603735662e-06
1.1813533376079349e-06
1.179222741662286e-06
1.2486109881484904e-06
1.1754053677833e-06
1.1754149857052037e-06
1.171761221856328e-06
1.1715393576493497e-06
1.1680742259863894e-06
1.1660573546797732e-06
2.379839997637921e-06
1.1623162272650734e-06
1.160510895983894e-06
1.3196759526201972e-06
1.1568652803150822e-06
1.1548375767988273e-06
1.1731787470808285e-06
1.151107113371865e-06
1.1493535195612114e-06
1.149541320131623e-06
1.1457800410891587e-06
1.1438177886327462e-06
1.1524084755322115e-06
1.1401718306185994e-06
1.832042159085633e-06
1.1365164363618514e-06
1.1345506486932122e-06
1.901352712672665e-06
1.1309588465108505e-06
3.538981285298733e-06
1.1275907312314888e-06
1.1257397203752182e-06
1.4653441179018288e-06
1.122125400042824e-06
1.1202358482128908e-06
1.6128677907936945e-06
1.1165898514503788e-06
1.1267978214021592e-06
1.1131064016820966e-06
1.111345000538095e-06
1.1093843321942728e-06
1.1101537749341666e-06
1.106082595351854e-06
1.1043371952183775e-06
1.1043391183000595e-06
1.1010041464849659e-06
1.09915968961026e-06
2.6783015784694407e-06
1.0956523435910259e-06
1.0938370905999717e-06
1.1138303764458092e-06
1.0904976649975306e-06
1.0883728148621208e-06
1.7419900767007919e-06
1.0849754820710409e-06
1.0832147199516337e-06
1.095948992299579e-06
1.0798537638746986e-06
1.707132587588639e-06
1.0764610920970629e-06
1.0746379276709582e-06
1.0781150688489882e-06
1.0712576319574125e-06
1.0693364782295631e-06
1.0762876797267897e-06
1.0670277005768045e-06
1.7645109345078867e-06
1.0629079643569616e-06
1.0611673869095253e-06
1.1121944056337378e-06
1.057948167477822e-06
1.0562823306560586e-06
1.0613638546600782e-06
1.0532951577910047e-06
1.0517189057295553e-06
1.0605903216760492e-06
1.0485102883022648e-06
1.0467473654901075e-06
1.0460081121343219e-06
1.043891697177474e-06
1.0423133935599675e-06
1.0421796680344909e-06
1.0391895367953443e-06
1.0456524605683285e-06
1.0361301437788856e-06
1.0342423549777508e-06
1.0325803724536846e-06
1.038073263278259e-06
1.029577206908758e-06
1.028082241526235e-06
1.0865345996579294e-06
1.0251078911023854e-06
1.023535706898245e-06
1.021809665017369e-06
1.0226773248917072e-06
1.018992961608034e-06
1.0178938344366227e-06
1.0161768868290893e-06
1.0146276912892452e-06
1.019214020730399e-06
1.0116440143375765e-06
1.0103070550355684e-06
1.0088813827097382e-06
1.007436263598797e-06
1.005980833062707e-06
1.0076400898725688e-06
1.0031155936704862e-06
1.0015095166853133e-06
1.0029469573702016e-06
9.988090246593482e-07
9.973878928150597e-07
9.965012369710692e-07
9.945190376127319e-07
1.2217741937270926e-06
9.915614553097242e-07
9.91472762225733e-07
9.888151210207333e-07
1.1303703847642973e-06
1.0010238407175014e-06
9.839365262051124e-07
1.5523956624477159e-06
9.811440566655228e-07
9.798028467976612e-07
1.0962025707628268e-06
9.771892004746387e-07
9.756909147196177e-07
9.741626796710476e-07
9.763454574502271e-07
9.719814108086137e-07
9.702514242524713e-07
9.688862658600023e-07
9.707547945618927e-07
9.661431645723205e-07
9.646664691592247e-07
9.634703631728548e-07
9.620010415751702e-07
9.628181389337556e-07
9.594760948030522e-07
9.58033080561643e-07
1.0002598909404617e-06
9.55376267777128e-07
9.539281619235406e-07
9.709784020073276e-07
1.097137434117641e-06
9.834516214249038e-07
9.482410434811728e-07
9.467635512400898e-07
9.570779038281754e-07
9.440447966165874e-07
2.433561699491707e-06
9.4141728375117e-07
9.401320751577717e-07
9.388947377751458e-07
9.374934003824387e-07
1.007457124989439e-06
9.34783454922795e-07
1.0363639286341532e-06
2.1104395904850475e-06
9.309991333091906e-07
9.835352540510921e-07
9.283589448002483e-07
9.55220144583294e-07
9.257218242577829e-07
1.6842362881808858e-06
9.230654599517898e-07
9.263474750870397e-07
9.205010373771024e-07
9.190885002299287e-07
9.180387542667705e-07
9.168290005474843e-07
9.156059895144362e-07
9.161916305699388e-07
9.132242375252965e-07
9.118820502423285e-07
9.114883075046575e-07
9.096148588354505e-07
9.084220897976614e-07
1.654660270409537e-06
9.0614833373688e-07
9.050165070001921e-07
9.037911505348114e-07
9.348664650435858e-07
9.014492906712978e-07
9.001937695023961e-07
9.545538875905338e-07
8.979207938113786e-07
8.966920320914001e-07
8.959232269429891e-07
8.942449802345422e-07
8.93868164677929e-07
8.918691863611245e-07
2.163611449739244e-06
8.896337725433284e-07
9.661520310313298e-07
8.875185234929074e-07
2.2185402752150215e-06
8.852767007500936e-07
8.840271265652584e-07
9.084485282873192e-07
8.817886313129885e-07
8.806150178869814e-07
8.813177137543146e-07
8.78486654719314e-07
8.774087643879634e-07
8.771604354120736e-07
8.752138970128351e-07
8.740187737909273e-07
8.814639050884372e-07
8.717695743154378e-07
8.749931816737928e-07
8.695248563831722e-07
8.682816916379385e-07
8.993228293839596e-07
9.809480135104987e-07
8.648788091939445e-07
1.032513769989645e-06
8.625776645005983e-07
9.581996556059213e-07
8.604626703981428e-07
8.594206061463876e-07
8.609309409380063e-07
8.572746095662308e-07
8.83929313089911e-07
8.549837790594534e-07
8.625925040775105e-07
8.528904705685735e-07
8.517945110162721e-07
8.526231233095737e-07
8.497123141057025e-07
8.489756885528378e-07
8.478068774699881e-07
8.463680123668555e-07
1.5377669868981497e-06
8.441231005653037e-07
1.6352355089268168e-06
8.42073380726101e-07
8.41090295968241e-07
8.431649672374966e-07
8.391150277152982e-07
1.5027462153519584e-06
8.370259891929397e-07
8.394813093274258e-07
8.35161019689155e-07
8.339087428808014e-07
8.327951631284366e-07
8.325331201176117e-07
8.309880298189747e-07
8.299931973928387e-07
8.301339865742503e-07
8.280096661181969e-07
8.365848113477541e-07
8.259203902770745e-07
8.248178059731097e-07
8.77370557904044e-07
8.227532707400668e-07
8.224223243958673e-07
8.206725580333765e-07
9.515624324135516e-07
8.18708107706042e-07
8.176943491952906e-07
9.802606532905294e-07
8.158045530517955e-07
8.148542226093499e-07
9.275501213288348e-07
8.130411760208466e-07
8.119460731927389e-07
8.108741148434809e-07
8.600437846457164e-07
8.089920337304178e-07
8.080435153102398e-07
8.073126210794281e-07
8.061698812377792e-07
8.051223490670235e-07
8.066855876138986e-07
8.030730113841807e-07
8.042099069410748e-07
8.04611073129911e-07
8.001420249562621e-07
8.007641919510667e-07
7.982406489631057e-07
1.1411801830665562e-06
7.96567842578546e-07
7.954301613083505e-07
7.942758631508205e-07
7.95926246683253e-07
7.925047184509438e-07
8.938866616819799e-07
7.907000806519409e-07
7.897116818712588e-07
8.119387646001335e-07
7.878594633609127e-07
7.86876804801091e-07
1.1399392806403318e-06
7.849729787002764e-07
7.847447797083079e-07
7.831467242913884e-07
7.821751734273263e-07
8.054051691457032e-07
7.804453272202647e-07
7.795269480056241e-07
1.5820779116857948e-06
7.778286542356452e-07
9.649052502671411e-07
7.762908007635832e-07
7.752700568181209e-07
8.192834753791573e-07
7.735433461985628e-07
7.726211606549835e-07
2.0570800241252776e-06
8.02118364005454e-07
7.699294787436216e-07
7.729027573445274e-07
7.681556369183902e-07
7.671720292913156e-07
7.673966922197613e-07
7.655713165690828e-07
7.646954229262717e-07
7.651948485215511e-07
7.630418640903143e-07
7.621146723389804e-07
7.615867805467875e-07
7.605109073318072e-07
1.831574667103835e-06
7.589732126395736e-07
7.580604125713679e-07
7.962549654586408e-07
7.56406545892877e-07
7.555098840548404e-07
8.671297463771946e-07
7.538373262580151e-07
1.374515560522901e-06
7.522753463253334e-07
7.514287103331871e-07
7.805361611998223e-07
7.49717328080316e-07
7.487836644976232e-07
7.484539569203821e-07
7.474695655581214e-07
