0.6129867440102883
0.5092636282982487
0.43250454473809696
0.3772489951098743
0.3401565004137549
0.3174023410043002
0.3044689653489184
0.29711864706028723
0.29236579733619783
0.28863255122096276
0.2852844357523635
0.28212518415272864
0.27910930484665425
0.27622976238422
0.2734844942845175
0.2708682879280196
0.2683710488048964
0.2659774541117498
0.2636670101055122
0.2614144189427409
0.2591902778445902
0.25696208806863613
0.2546954847721536
0.25235555805277854
0.24990812838055443
0.24732085768142378
0.24456412334743222
0.241611656221564
0.2384410198120166
0.23503405399886287
0.23137742470138734
0.22746344313689057
0.22329131184515455
0.21886882365913224
0.21421434488510693
0.2093588213430304
0.2043474667526865
0.19924054371498343
0.1941123395649982
0.18904747221111184
0.18413418373084384
0.17945507570126928
0.1750766461012066
0.1710398034347602
0.16735394654218438
0.1639969057094185
0.1609214644228566
0.1580665335748596
0.15536905485388502
0.15277285177459277
0.15023272447416064
0.14771443070766194
0.1451923793957985
0.14264682805784687
0.14006170203585652
0.13742335219607948
0.13472005779618473
0.1319419450968558
0.12908107392267992
0.12613158265281543
0.123089886118234
0.11995497682125741
0.11672888942224785
0.11341734665215103
0.11003053481417965
0.10658386523509206
0.10309845831430763
0.09960099386630608
0.0961226050978266
0.09269673140167142
0.08935621054794295
0.08613018309603838
0.08304149910695391
0.08010524378038957
0.077328714031727
0.07471270920554221
0.07225352309375974
0.06994486968675859
0.06777923944636383
0.06574856693207375
0.06384436764171195
0.06205763896655172
0.060378806718538625
0.058797862710430096
0.05730467871473632
0.05588939180889474
0.05454275309399634
0.053256371406282296
0.052022827620537324
0.050835673673893716
0.04968935384902833
0.04857908834924592
0.04750074958687555
0.04645075015007667
0.04542595199893863
0.04442359937613787
0.04344127276819891
0.04247685772876532
0.04152852040000998
0.04059468143285053
0.03967398240230113
0.03876524368031974
0.03786741783037911
0.03697954436648437
0.036100707759554825
0.03522999275732785
0.03436642775604037
0.0335089147233493
0.03265615749635855
0.03180660968644955
0.030958464432407448
0.030109699456724467
0.029258177450489635
0.02840179571316094
0.02753868335275587
0.026667441866982524
0.02578739557064395
0.02489878552605967
0.024002853121788074
0.023101799994363174
0.022198636003463033
0.021296944431022567
0.020400619371142382
0.0195136455505629
0.01863996227777173
0.017783393743227988
0.016947600936524164
0.016136030876214874
0.015351863119143404
0.014597957986272048
0.013876806963931902
0.013190482593982642
0.012540581620025764
0.011928153956455249
0.011353621155735072
0.01081670739764123
0.010316412901600205
0.009851046457797104
0.009418314324134348
0.009015451997091348
0.00863938306131284
0.008286890573297616
0.007954789656940275
0.00764008529861231
0.007340088950354018
0.007052472438636251
0.00677526051107768
0.0065067853298554496
0.006245631027690889
0.005990584600586644
0.005740597720978358
0.005494762284007608
0.00525230161838731
0.005012574134541124
0.004775082936834632
0.004539486163514465
0.004305605429734326
0.004073431625499041
0.0038431282174519383
0.003615032169676052
0.003389652143937461
0.003167663804841225
0.0029499028879749886
0.0027373562593302377
0.002531147787751922
0.0023341023628451214
0.002146994741835357
0.001969624125840874
0.0018031273159349335
0.001648449831271131
0.001508331278850951
0.001380943840649414
0.0012657388210969413
0.001162277807522464
0.001071033442851736
0.0009902893046779225
0.0009180970442666177
0.0008533888182787831
0.0007958053164140707
0.000744506792057149
0.0006977257866948264
0.0006548263904503141
0.0006156632078195337
0.0005802906169332921
0.0005473693522985009
0.0005166385990011302
0.0004880111219175003
0.00046211162962307305
0.0004377484953913862
0.0004147872544067603
0.00039312663460087406
0.0003734171666075585
0.0003549345119226655
0.00033739677846014477
0.0003207479870238814
0.00030516026987670964
0.0002908417950015336
0.00027722069176547526
0.00026423648018727774
0.0002518645570294466
0.00024053471625584794
0.00022990492514540152
0.00021975345629538678
0.00021006780776577563
0.00020093099318006368
0.00019254816437278417
0.00018464131348785152
0.0001771013521554433
0.0001699227906864038
0.0001632493610526174
0.0001571302253769266
0.00015132317426823583
0.00014580216262632066
0.00014056306902647292
0.0001358002996335634
0.00013137746683873123
0.00012717759980662675
0.00012319595074367947
0.00011942833811290467
0.00011608287762749629
0.00011295072407644871
0.00010997871094520326
0.00010716248704752196
0.00010449762627333064
0.00010204075229676051
9.979133639823378e-05
9.767912509447563e-05
9.56757461342235e-05
9.377705581573109e-05
9.234210911502026e-05
9.042278259829212e-05
8.892657459190664e-05
8.749859711277014e-05
8.613762932225226e-05
8.488162859452017e-05
8.369723607114486e-05
8.260662336099307e-05
8.15601284044812e-05
8.055740847281401e-05
7.958483979749901e-05
7.866107849133554e-05
7.780927206760462e-05
7.699757208012003e-05
7.625087001137358e-05
7.554415876174077e-05
7.486092433417623e-05
7.422970459402192e-05
7.363420092388154e-05
7.305483786974881e-05
7.266251399207143e-05
7.194279987279624e-05
7.142582942436997e-05
7.094392623598624e-05
7.048834967792058e-05
7.004696387962968e-05
6.963172473749401e-05
6.924210953901754e-05
6.885972038745428e-05
6.85095727402187e-05
6.810140164051271e-05
6.775472973354661e-05
6.74230105063445e-05
6.711347372135412e-05
6.682413962550926e-05
6.65347733909886e-05
6.626250268988791e-05
6.601548561558359e-05
6.571551096916977e-05
6.546234472955936e-05
6.521900627652943e-05
6.499526686358754e-05
6.477434345254314e-05
6.457042738942222e-05
6.43708529970991e-05
6.416937826626867e-05
6.406161691682558e-05
6.378159799863916e-05
6.360994074401769e-05
6.344307837613387e-05
6.344143393874314e-05
6.312881435153554e-05
6.301101281503274e-05
6.281724078798831e-05
6.267773085549442e-05
6.271615711776974e-05
6.240751774491351e-05
6.228619765224717e-05
6.214812950368543e-05
6.203115132643865e-05
6.191779926499436e-05
6.183021089884157e-05
6.171513443141533e-05
6.16151118901623e-05
6.150655761349856e-05
6.140443818120022e-05
6.13082382321251e-05
6.122310481575036e-05
6.113606204126212e-05
6.105831335851405e-05
6.097975687410568e-05
6.089384580912013e-05
6.091328272884999e-05
6.073668320678926e-05
6.0670516027251135e-05
6.06020902674178e-05
6.053269096893374e-05
6.046194711132901e-05
6.039983135764997e-05
6.0338106988591676e-05
6.028549407275398e-05
6.0229707635672616e-05
6.017063009767899e-05
6.013064151890034e-05
6.006403941516144e-05
6.001333161885168e-05
5.997353224528332e-05
5.993150856125086e-05
5.988760016908883e-05
5.983291613347853e-05
5.985203340734421e-05
5.975114308691907e-05
5.972345440653502e-05
5.967946305593753e-05
5.964396006551224e-05
5.960611817334172e-05
5.9560638965483414e-05
5.95303454078539e-05
5.949804370444538e-05
5.946511544901792e-05
5.944180667986797e-05
5.940419296455033e-05
5.937436815943491e-05
5.93546607048897e-05
5.933553189594178e-05
5.9305880828353665e-05
5.932878459022968e-05
5.9248261695558553e-05
5.9221870072547546e-05
5.9204560383419204e-05
5.9185855487314516e-05
5.91559022442669e-05
5.9130554864810516e-05
5.925589326603693e-05
5.9091115014116036e-05
5.9071262388812064e-05
5.904668057687045e-05
5.9019967318008326e-05
5.9003693179060705e-05
5.898546748864559e-05
5.897226746805046e-05
5.895987493277096e-05
5.899697625761774e-05
5.8917775108770643e-05
5.889956715248857e-05
5.888273392903882e-05
5.8871926048012334e-05
5.8857906716262615e-05
5.884792299534068e-05
5.8838509637976746e-05
5.8814359756448816e-05
5.87978558433737e-05
5.8789374094815064e-05
5.878026874534751e-05
5.879910296344395e-05
5.874399411200654e-05
5.87354242356203e-05
5.872041281577769e-05
5.87277010846169e-05
5.8685024095557185e-05
5.86722481681717e-05
5.8658942856675337e-05
5.865072212686269e-05
5.867978097889481e-05
5.865004592579845e-05
5.860763988021807e-05
5.859323781356351e-05
5.858566547259034e-05
5.857698352344622e-05
5.8560058577569e-05
5.8545980042909304e-05
5.852651728289522e-05
5.852279777472627e-05
5.85047970193119e-05
5.85151499935606e-05
5.8474777784258985e-05
5.845344086184707e-05
5.844140019548819e-05
5.842891870138115e-05
5.842022332775173e-05
5.840988517928487e-05
5.839044050501736e-05
5.837584136228367e-05
5.836251630193559e-05
5.835221650036207e-05
5.834370370220848e-05
5.833043526352638e-05
5.831160784877546e-05
5.829733984080422e-05
5.82966623548021e-05
5.827885277861278e-05
5.826926222513499e-05
5.826972725357829e-05
5.824354939966916e-05
5.825217420132895e-05
5.823037214716621e-05
5.820848314130107e-05
5.819652374724063e-05
5.820033183726832e-05
5.81747087107103e-05
5.8168430801021513e-05
5.816613192088431e-05
5.814572751433936e-05
5.813748767141343e-05
5.813015379372683e-05
5.8126960657175254e-05
5.818283619582144e-05
5.8107686661443855e-05
5.8099835564036886e-05
5.80938201843195e-05
5.834429366654995e-05
5.8065949042845376e-05
5.805104397969944e-05
5.812910759693283e-05
5.8038147513095166e-05
5.8033353187260835e-05
5.8027470984864816e-05
5.8027293962468176e-05
5.8026253214639974e-05
5.803265561235079e-05
5.8026224963449246e-05
5.799534188872671e-05
5.798896034721549e-05
5.798357230789853e-05
5.7979610894990676e-05
5.797496826385727e-05
5.796252143033735e-05
5.795448953646197e-05
5.79495299039027e-05
5.794507677243876e-05
5.7933726093707474e-05
5.793051686296714e-05
5.791867346637553e-05
5.7913845997029896e-05
5.7913753568786255e-05
5.790942477439589e-05
5.790283300185806e-05
5.790415971108071e-05
5.788720101808238e-05
5.808686527914593e-05
5.788200185905551e-05
5.787886289189086e-05
5.788452004027556e-05
5.786256250333507e-05
5.7858972013889734e-05
5.7857275532381496e-05
5.7853225806545476e-05
5.7965705838032124e-05
5.784017968856521e-05
5.785190401313442e-05
5.7826042666881873e-05
5.781891702039118e-05
5.781666806284126e-05
5.781438698755823e-05
5.7813841420211884e-05
5.7803503550859574e-05
5.7797101576427813e-05
5.779671026332125e-05
5.778983594629035e-05
5.778708654793224e-05
5.7787318459867784e-05
5.778898533642055e-05
5.778992546226443e-05
5.778009793867367e-05
5.777362102691607e-05
5.777032949020469e-05
5.7770114962650596e-05
5.7770230058933984e-05
5.777327085112995e-05
5.777547653119006e-05
5.776779826962655e-05
5.776747565183139e-05
5.7765548866062924e-05
5.785170304915079e-05
5.775560515941759e-05
5.775244403619178e-05
5.775246849357645e-05
5.77535229232817e-05
5.775660291391861e-05
5.775696469813242e-05
5.775240705491688e-05
5.7752943903662404e-05
5.7809364154792795e-05
5.774366402489918e-05
5.774370832085656e-05
5.774030050890448e-05
5.7743778155329824e-05
5.774558687242019e-05
5.775329291747064e-05
5.7739051576570655e-05
5.7742020001582825e-05
5.773955103708415e-05
5.7854468462052684e-05
5.774719248357101e-05
5.7743654868427083e-05
5.7743519642599207e-05
5.7744190637848174e-05
5.775861470991353e-05
5.773520495075311e-05
5.7735254023092324e-05
5.773616267551426e-05
5.774099388496016e-05
5.774579551687063e-05
5.774144663961898e-05
5.773588164676557e-05
5.773528859664925e-05
5.773819512770667e-05
5.774099872708744e-05
5.773543581317891e-05
5.7870954544096204e-05
5.7734177516049494e-05
5.77918522306438e-05
5.774231422585614e-05
5.774290774432977e-05
5.773794752084629e-05
5.774099587333803e-05
5.7742578678323776e-05
5.7759833667825434e-05
5.784757595469131e-05
5.773806872634339e-05
5.774246501991116e-05
5.774567359675574e-05
5.775632830137604e-05
5.774024462698174e-05
5.774347488556609e-05
5.774664453605417e-05
5.775246006636199e-05
5.774601910140271e-05
5.7741492581095055e-05
5.7745104219953214e-05
5.774174535631965e-05
5.7741798210090515e-05
5.7744151983460276e-05
5.774725718067124e-05
5.774390843214249e-05
5.774385840959177e-05
5.774572037469762e-05
5.776084731303509e-05
5.773606021778086e-05
5.773541066834618e-05
5.7737735762771773e-05
5.781478046357658e-05
5.774519210690109e-05
5.7741542804348454e-05
5.774115449161878e-05
5.7741791258348964e-05
5.774191395132351e-05
5.773365764297668e-05
5.773162500032273e-05
5.7924787809010224e-05
5.773638834756015e-05
5.774153709051744e-05
5.7730072044627145e-05
5.77296420640539e-05
5.7734517487335914e-05
5.773281923611163e-05
5.77287186636258e-05
5.773121597063275e-05
5.772897661650384e-05
5.7731562089572945e-05
5.772902656295404e-05
5.77262029715104e-05
5.772637713393773e-05
5.772612989849187e-05
5.773043034768005e-05
5.781476582611233e-05
5.7718357669485926e-05
5.772165893029134e-05
5.7722959642420874e-05
5.78393497644213e-05
5.7713178144737387e-05
5.771375966288168e-05
5.771636566910886e-05
5.7708241147177385e-05
5.770509949027369e-05
5.770350575885252e-05
5.770669667570326e-05
5.770850092676737e-05
5.769873475516796e-05
5.769694214663852e-05
5.769590572317571e-05
5.769883661877914e-05
5.769993341053391e-05
5.7691013453188034e-05
5.769682873097512e-05
5.7687760371694724e-05
5.770969145309174e-05
5.767540025826834e-05
5.767099314461304e-05
5.767084759244284e-05
5.767067665536489e-05
5.76732711462331e-05
5.767443823742576e-05
5.766110630801053e-05
5.765915913212939e-05
5.7657030336947046e-05
5.7659527244311685e-05
5.767569961119531e-05
5.76598016212634e-05
5.764710604955628e-05
5.765623340252544e-05
5.765018381077468e-05
5.7643539990193155e-05
5.766260424709075e-05
5.7635147073183615e-05
5.7632656031711376e-05
5.7621442933864936e-05
5.766026581827925e-05
5.7613576062586906e-05
5.761103350420993e-05
5.761306686393109e-05
5.7612861080959665e-05
5.760430405829834e-05
5.7597316048969396e-05
5.760340404917172e-05
5.759369419141536e-05
5.759984949174532e-05
5.761264821551811e-05
5.758410232906892e-05
5.758271925340009e-05
5.758006129804072e-05
5.756937966316142e-05
5.7563737199221655e-05
5.756170632339454e-05
5.757957722238578e-05
5.756102226964225e-05
5.757669488418358e-05
5.7548258864078616e-05
5.756381905994678e-05
5.7546602629679524e-05
5.7536524755191366e-05
5.753345738866338e-05
5.7530731667563674e-05
5.7575665568856325e-05
5.751246197241115e-05
5.75113158129378e-05
5.7506435607972926e-05
5.750106806017771e-05
5.749195706239006e-05
5.749456296268687e-05
5.7481292813805274e-05
5.7475371688210715e-05
5.747585113280092e-05
5.747308955028722e-05
5.7463229032534185e-05
5.745401233090711e-05
5.7452564217386535e-05
5.744665827308676e-05
5.744262043516583e-05
5.7439506621552974e-05
5.743390106897614e-05
5.742427550539246e-05
5.7416663393487706e-05
5.741489301729538e-05
5.741134538588505e-05
5.740177336892927e-05
5.7390439040887526e-05
5.738731227070008e-05
5.738257804104153e-05
5.7381331716378695e-05
5.742877143283993e-05
5.744973318918603e-05
5.7360987102759496e-05
5.7413158993479624e-05
5.7353885305541195e-05
5.734156773805569e-05
5.733412301566256e-05
5.732673848100296e-05
5.732396469930975e-05
5.732024208635886e-05
5.731077622318241e-05
5.7299981187088224e-05
5.7311062248118194e-05
5.729274985328337e-05
5.731436142690465e-05
5.727256513356857e-05
5.726695945759694e-05
5.7260881033022115e-05
5.725472936311162e-05
5.725185334577791e-05
5.724213121554473e-05
5.72587495807084e-05
5.722680911634117e-05
5.72213196336942e-05
5.7206119244501176e-05
5.720006143762105e-05
5.719477895463329e-05
5.727367336217456e-05
5.717214603633729e-05
5.716447149940028e-05
5.716238327834051e-05
5.715257305987061e-05
5.714838849713322e-05
5.715011193785798e-05
5.712640901006349e-05
5.712052726694785e-05
5.711325669372793e-05
5.7126929735279936e-05
5.710257337439257e-05
5.70922210671186e-05
5.707927109669297e-05
5.70741746067329e-05
5.7067776380693344e-05
5.709818213360229e-05
5.705412340415909e-05
5.70351355200638e-05
5.7028679424412995e-05
5.702159062169338e-05
5.701604025078058e-05
5.700732530937618e-05
5.707619933353039e-05
5.698823566014951e-05
5.698741502369236e-05
5.6966305011730855e-05
5.699312353213976e-05
5.6950577840148914e-05
5.694224360934583e-05
5.6937519502112695e-05
5.6931337175966205e-05
5.6916257865515204e-05
5.69073173389449e-05
5.706038224708233e-05
5.689221606414809e-05
5.6880860362040134e-05
5.6870668284425874e-05
5.686187610571005e-05
5.68542907539983e-05
5.6855556670106085e-05
5.688412730908299e-05
5.682467735565011e-05
5.681525042848207e-05
5.6802617915379355e-05
5.679484287059061e-05
5.678499643922673e-05
5.6776287436942635e-05
5.677195878723437e-05
5.6760142538611264e-05
5.6747407039971746e-05
5.6739291696022846e-05
5.672759412325331e-05
5.6719755870461515e-05
5.672081737696402e-05
5.6702708484776373e-05
5.6688429874816634e-05
5.6679951150645344e-05
5.6670703888625397e-05
5.666410456721452e-05
5.664915854020414e-05
5.66400957502804e-05
5.674282592244179e-05
5.66164115666303e-05
5.660792785866315e-05
5.65992720570788e-05
5.658821008935076e-05
5.657682129791828e-05
5.658073480603611e-05
5.655874637890801e-05
5.657272934097661e-05
5.653883835282475e-05
5.652900764550955e-05
5.653395756429269e-05
5.650984920316494e-05
5.649729543997934e-05
5.6486730469262905e-05
5.647785972645007e-05
5.6466237805270556e-05
5.645647883104697e-05
5.644653770909419e-05
5.64350150716832e-05
5.642269972826017e-05
5.6414208583918006e-05
5.640591350894917e-05
5.642941989070187e-05
5.638840007928508e-05
5.638984029374882e-05
5.637351539889216e-05
5.6356444043264886e-05
5.634645372918494e-05
5.633824728140208e-05
5.6327963978065975e-05
5.635752454887673e-05
5.6307156399309215e-05
5.6296987766783885e-05
5.6284384681336446e-05
5.627891645246262e-05
5.626483450123458e-05
5.626366448732222e-05
5.624746451162577e-05
5.6255535183772864e-05
5.625716054504891e-05
5.6216411002214675e-05
5.620655735665465e-05
5.619879575114652e-05
5.6208019884151096e-05
5.622246308963331e-05
5.6166708146375276e-05
5.617230974522928e-05
5.614841638456934e-05
5.613837229807188e-05
5.612634111755685e-05
5.6116838712741635e-05
5.615105811700178e-05
5.609856379018899e-05
5.608637252979491e-05
5.607684068709773e-05
5.6066946894853333e-05
5.6057952354101886e-05
5.606666020068123e-05
5.603615441659017e-05
5.60272049217287e-05
5.60172463381529e-05
5.600512536100206e-05
5.599445273582583e-05
5.599878548395911e-05
5.5975451008316467e-05
5.596668158365725e-05
5.595813595245341e-05
5.5961696467403086e-05
5.5935050502336226e-05
5.592539650189286e-05
5.5912830130955915e-05
5.5903868272806244e-05
5.589438545002117e-05
5.588459131372637e-05
5.587670289153974e-05
5.586266612876416e-05
5.585562770617772e-05
5.584211592912125e-05
5.583261538653098e-05
5.58210727192042e-05
5.5811122777505574e-05
5.580075191240801e-05
5.579184917515135e-05
5.5787440921908854e-05
5.576931073961839e-05
5.5759590526771504e-05
5.574925343364076e-05
5.573829718400602e-05
5.57268362648485e-05
5.571759757122453e-05
5.570725430504638e-05
5.5697883271217654e-05
5.568868240566173e-05
5.5682320247387514e-05
5.566573353800771e-05
5.568599741165368e-05
5.5645021827481364e-05
5.587089155739716e-05
5.5626457159884946e-05
5.561655556252477e-05
5.560323188492096e-05
5.559403008994165e-05
5.5584298999233015e-05
5.5573196068392484e-05
5.556072930724884e-05
5.5550192326291376e-05
5.554108632760343e-05
5.553147434774131e-05
5.551997976184324e-05
5.55084064439784e-05
5.549841707257481e-05
5.548806361919192e-05
5.5478809792715854e-05
5.546728478069043e-05
5.545749779573772e-05
5.54468921675388e-05
5.543639330032174e-05
5.5427771579861157e-05
5.5413701657106406e-05
5.5404321089302235e-05
5.5394220650094935e-05
5.539326663965486e-05
5.538964809345196e-05
5.536313288662417e-05
5.5351264587546e-05
5.534370767853307e-05
5.533212890448544e-05
5.5319843535844734e-05
5.541182844361262e-05
5.529892098686675e-05
5.52876540825112e-05
5.5277120408256593e-05
5.527256134810333e-05
5.526047215674699e-05
5.524537258706388e-05
5.523362607454217e-05
5.52244817410504e-05
5.521485291054068e-05
5.5202773660839614e-05
5.5191808050464994e-05
5.518102047192563e-05
5.517157838946908e-05
5.516456201659259e-05
5.515171123498632e-05
5.5140138027317146e-05
5.512905145644226e-05
5.5124702416617326e-05
5.511379992612895e-05
5.509614581064691e-05
5.508643410000337e-05
5.511549812621336e-05
5.5071537384181874e-05
5.5054101066286625e-05
5.504455149613555e-05
5.503912670924157e-05
5.5044133897170644e-05
5.501221788568761e-05
5.509316507991915e-05
5.499270180037715e-05
5.498111878985747e-05
5.4978046101571665e-05
5.496051737264203e-05
5.495004808892066e-05
5.494017190921034e-05
5.493163507300134e-05
5.4921038342653805e-05
5.4908312757965065e-05
5.489869926490661e-05
5.488809122165189e-05
5.493428394672899e-05
5.4864595346496706e-05
5.485417585731018e-05
5.4897878895187646e-05
5.483483228513879e-05
5.497640035948115e-05
5.4816001011523525e-05
5.480484081606606e-05
5.479924855194166e-05
5.478382062462429e-05
5.4775557925311694e-05
5.476454836352674e-05
5.475449410778947e-05
5.4744618255051494e-05
5.473232457405141e-05
5.4721960692927804e-05
5.471011055553261e-05
5.4698671293392764e-05
5.468853455680301e-05
5.468052022272971e-05
5.466932055221585e-05
5.465741983688837e-05
5.464729314676795e-05
5.475307721825044e-05
5.462826430198336e-05
5.4619887500223614e-05
5.4606134961242904e-05
5.459670470536406e-05
5.4586605054940445e-05
5.463192889599599e-05
5.4564808055898386e-05
5.455378968099936e-05
5.454440136478297e-05
5.453451272462588e-05
5.4525520782640174e-05
5.4528551428762085e-05
5.4527965393818775e-05
5.449378821339747e-05
5.448348350758364e-05
5.447852327833552e-05
5.4465170369315824e-05
5.4453881327797656e-05
5.4464687215878894e-05
5.44322330410043e-05
5.442165939321335e-05
5.440960598322305e-05
5.439855557336281e-05
5.4388848554112875e-05
5.437857898207485e-05
5.436971036096472e-05
5.4359742561431885e-05
5.434889651481791e-05
5.43382543038013e-05
5.432943317166836e-05
5.432047294412277e-05
5.432072087798394e-05
5.4297447049098544e-05
5.4288415018647194e-05
5.4274522563399984e-05
5.427895429984422e-05
5.425335820698106e-05
5.424337826170416e-05
5.423567892529828e-05
5.422628458587464e-05
5.421516626292683e-05
5.420349993630643e-05
5.419355950079599e-05
5.418317800818963e-05
5.417130806236053e-05
5.4160496324098245e-05
5.415090478564537e-05
5.421965440120554e-05
