0.5607108069190219
0.27412940435997807
0.2549341211547371
0.24282638943059728
0.2249889099658128
0.19698272002373518
0.17518316381487758
0.16207021013470763
0.14953292895411446
0.13450220700089566
0.1155834200353559
0.09657584816455171
0.08184243202396135
0.06941959839906553
0.05901231962888656
0.05101879226524284
0.04522341316200332
0.040954001800859674
0.037698968118246474
0.035160184300882476
0.03313391520067257
0.03146752053375652
0.030046756320793733
0.028788296649741543
0.027633360313813204
0.026541727346725517
0.02548579649465505
0.024445599797239016
0.023404546737210295
0.022347101619487594
0.021258316072322026
0.020124040176235182
0.018932105712298683
0.017675611630616487
0.016356130381853087
0.014987610059898222
0.013601088488541
0.012243336311695295
0.010968429801834722
0.009824919696019459
0.008841266954757836
0.00802248320680618
0.007356128500530531
0.006820665077667185
0.006391295957705193
0.006043450007365499
0.005755047435791681
0.005508003205595764
0.00528866864794308
0.005087311035675555
0.004897168288603997
0.0047137231500108895
0.004533778970749074
0.004354997771144067
0.004175751161557812
0.003995180225373338
0.0038128415890720073
0.0036287004762855573
0.003443126183703591
0.0032568336879719778
0.0030710222055419763
0.002886906293548229
0.002705731960468339
0.002528797475820891
0.0023574321288604245
0.0021929653026424834
0.0020366481439324873
0.001889537087031675
0.001752385985551145
0.0016255757622644484
0.0015091007924664481
0.0014026226275736233
0.001305555937177808
0.0012171699889784462
0.0011366901492779124
0.0010633716020194497
0.0009965398701967925
0.0009356041547832999
0.0008800531416218241
0.0008294421078245775
0.0007833775400828051
0.0007415028750596353
0.0007034870881834765
0.000669016690139389
0.0006377910076744047
0.0006095202304189695
0.0005839255008209351
0.0005607402718805467
0.0005397122275647381
0.0005206052115312218
0.0005032007926113854
0.00048729926935199536
0.00047272005565773454
0.00045930148619253026
0.00044690013614957194
0.00043538977364048593
0.00042466006419771126
0.0004146151346780278
0.00040517208512024807
0.00039625951659981906
0.00038781612373782037
0.00037978938376910607
0.00037213436051752077
0.0003648126312477157
0.0003577913368325482
0.0003510423505258828
0.000344541557371931
0.0003382682344587139
0.00033220452144402967
0.00032633497072943093
0.0003206461670832052
0.0003151264072304111
0.00030976543080123614
0.0003045541949630619
0.000299484685992864
0.00029454976193409515
0.00028974302130222455
0.00028505869354361363
0.0002804915476093006
0.00027603681558009273
0.0002716901287764359
0.00026744746421247166
0.0002633050996156542
0.00025925957553878993
0.0002553076633475661
0.00025144633808054176
0.000247672755356091
0.00024398423164768046
0.00024037822736994852
0.00023685233231743704
0.00023340425307934618
0.00023003180212028275
0.0002267328882713335
0.00022350550842010637
0.00022034774022451143
0.0002172577357044232
0.00021423371558935777
0.00021127396431985156
0.0002083768256162074
0.0002055406985413744
0.00020276403399552918
0.00020004533158879357
0.00019738313684593357
0.00019477603870303158
0.00019222266726131397
0.00018972169176766201
0.0001872718187950912
0.0001848717905996315
0.00018252038363282227
0.00018021640719141475
0.00017795870218795533
0.0001757461400277759
0.00017357762157953636
0.00017145207622790463
0.00016936846099824021
0.00016732575974432034
0.00016532298239115248
0.0001633591642258574
0.0001614333652304378
0.00015954466945099135
0.0001576921843986
0.00015587504047773212
0.0001540923904385369
0.00015234340884988845
0.00015062729159047303
0.0001489432553556081
0.00014729053717779954
0.00014566839395938272
0.0001440761020158233
0.00014251295662851714
0.00014097827160612492
0.000139471378853658
0.00013799162794867712
0.00013653838572412252
0.00013511103585739156
0.00013370897846537872
0.00013233162970528072
0.00013097842138103577
0.00012964880055532516
0.0001283422291671012
0.00012705818365465874
0.00012579615458427603
0.0001245556462844947
0.00012333617648610125
0.00012213727596789754
0.00012095848820835145
0.00011979936904321685
0.0001186594863292127
0.00011753841961384806
0.00011643575981147728
0.00011535110888565402
0.00011428407953785824
0.00011323429490264002
0.00011220138824924001
0.00011118500268971436
0.00011018479089358812
0.00010920041480905901
0.00010823154539074513
0.00010727786233397783
0.00010633905381562311
0.00010541481624138894
0.00010450485399960984
0.0001036088792214316
0.00010272661154737161
0.00010185777790016847
0.00010100211226386684
0.0001001593554690582
9.932925498418742e-05
9.851156471284801e-05
9.770604479696661e-05
9.69124614257775e-05
9.613058665048716e-05
9.53601982045268e-05
9.460107932927255e-05
9.385301860513487e-05
9.311580978789306e-05
9.238925165016648e-05
9.167314782789569e-05
9.096730667172737e-05
9.027154110317318e-05
8.958566847542758e-05
8.890951043872353e-05
8.824289281010971e-05
8.758564544752438e-05
8.693760212805085e-05
8.629860043023816e-05
8.566848162036647e-05
8.504709054254273e-05
8.44342755125187e-05
8.382988821510733e-05
8.323378360509717e-05
8.26458198115515e-05
8.206585804538639e-05
8.149376251011795e-05
8.092940031568477e-05
8.037264139523702e-05
7.982335842479841e-05
7.928142674570068e-05
7.874672428969847e-05
7.821913150667513e-05
7.769853129484578e-05
7.718480893337281e-05
7.66778520173122e-05
7.617755039479719e-05
7.568379610639534e-05
7.519648332654888e-05
7.471550830702428e-05
7.424076932230502e-05
7.377216661685033e-05
7.330960235414974e-05
7.285298056751468e-05
7.24022071125349e-05
7.195718962114111e-05
7.151783745721173e-05
7.108406167367207e-05
7.065577497101628e-05
7.023289165721425e-05
6.981532760893676e-05
6.940300023405999e-05
6.899582843539019e-05
6.859373257557138e-05
6.819663444312414e-05
6.78044572195741e-05
6.741712544762718e-05
6.70345650003588e-05
6.665670305136289e-05
6.628346804583729e-05
6.591478967256553e-05
6.555059883675744e-05
6.51908276337196e-05
6.483540932331978e-05
6.448427830521931e-05
6.413737009483963e-05
6.379462130003845e-05
6.345596959846629e-05
6.312135371557703e-05
6.27907134032693e-05
6.246398941913565e-05
6.214112350629092e-05
6.18220583737649e-05
6.150673767743624e-05
6.11951060014811e-05
6.088710884032756e-05
6.0582692581089806e-05
6.0281804486466086e-05
5.998439267808433e-05
5.96904061202798e-05
5.939979460428467e-05
5.911250873282038e-05
5.882849990507608e-05
5.854772030205603e-05
5.82701228722899e-05
5.799566131788519e-05
5.772429008091797e-05
5.745596433014226e-05
5.719063994801372e-05
5.692827351801201e-05
5.666882231225746e-05
5.641224427940339e-05
5.6158498032806286e-05
5.5907542838951766e-05
5.5659338606142064e-05
5.541384587342523e-05
5.517102579976037e-05
5.493084015342066e-05
5.469325130161256e-05
5.4458222200317776e-05
5.4225716384338654e-05
5.399569795755267e-05
5.3768131583362754e-05
5.354298247533915e-05
5.332021638804594e-05
5.309979960805143e-05
5.2881698945112065e-05
5.266588172352759e-05
5.245231577366378e-05
5.2240969423631736e-05
5.203181149113262e-05
5.182481127544605e-05
5.161993854957489e-05
5.1417163552530066e-05
5.121645698176154e-05
5.101778998572002e-05
5.082113415656112e-05
5.06264615229754e-05
5.043374454314688e-05
5.0242956097837184e-05
5.0054069483593106e-05
4.986705840606824e-05
4.9681896973467724e-05
4.9498559690100634e-05
4.931702145004517e-05
4.913725753092534e-05
4.895924358779026e-05
4.878295564709859e-05
4.860837010080542e-05
4.8435463700548004e-05
4.8264213551928125e-05
4.809459710889351e-05
4.792659216820712e-05
4.776017686401373e-05
4.759532966249334e-05
4.743202935660267e-05
4.727025506090375e-05
4.710998620647866e-05
4.695120253592385e-05
4.6793884098428314e-05
4.6638011244933556e-05
4.648356462336741e-05
4.633052517395955e-05
4.617887412462894e-05
4.6028592986449766e-05
4.5879663549185154e-05
4.573206787689848e-05
4.558578830363003e-05
4.544080742914537e-05
4.5297108114752885e-05
4.515467347918431e-05
4.5013486894545865e-05
4.48735319823291e-05
4.473479260948908e-05
4.459725288458355e-05
4.446089715397303e-05
4.432570999808241e-05
4.419167622772035e-05
4.405878088045899e-05
4.392700921706996e-05
4.379634671801684e-05
4.366677908000366e-05
4.3538292212578233e-05
4.341087223478962e-05
4.3284505471895434e-05
4.3159178452127923e-05
4.303487790350276e-05
4.291159075068697e-05
4.278930411190916e-05
4.266800529592309e-05
4.2547681799018363e-05
4.242832130207739e-05
4.2309911667680026e-05
4.2192440937254494e-05
4.207589732827026e-05
4.19602692314822e-05
4.1845545208209556e-05
4.173171398766515e-05
4.161876446432423e-05
4.150668569533379e-05
4.1395466897966394e-05
4.128509744710999e-05
4.117556687280311e-05
4.10668648578035e-05
4.095898123519789e-05
4.085190598605122e-05
4.074562923709253e-05
4.064014125843415e-05
4.053543246133196e-05
4.043149339597872e-05
4.0328314749333236e-05
4.022588734298405e-05
4.0124202131046056e-05
4.002325019809294e-05
3.992302275712117e-05
3.9823511147544844e-05
3.972470683322567e-05
3.962660140053316e-05
3.952918655643438e-05
3.94324541266161e-05
3.933639605363545e-05
3.92410043951022e-05
3.9146271321887e-05
3.905218911636137e-05
3.895875017066391e-05
3.886594698499402e-05
3.877377216593555e-05
3.868221842480389e-05
3.85912785760208e-05
3.850094553551722e-05
3.8411212319157564e-05
3.832207204119391e-05
3.823351791274162e-05
3.8145543240279415e-05
3.805814142417685e-05
3.7971305957241035e-05
3.788503042328943e-05
3.779930849574495e-05
3.771413393625345e-05
3.762950059332235e-05
3.754540240098421e-05
3.746183337747689e-05
3.7378787623950056e-05
3.7296259323189024e-05
3.721424273836028e-05
3.713273221177643e-05
3.7051722163682405e-05
3.69712070910598e-05
3.689118156645063e-05
3.6811640236799974e-05
3.67325778223189e-05
3.665398911536215e-05
3.657586897932729e-05
3.649821234756952e-05
3.642101422233423e-05
3.634426967370763e-05
3.626797383858209e-05
3.6192121919641715e-05
3.611670918436015e-05
3.60417309640168e-05
3.596718265272806e-05
3.589305970649534e-05
3.5819357642266155e-05
3.574607203701204e-05
3.567319852682044e-05
3.5600732806001716e-05
3.552867062620962e-05
3.545700779557676e-05
3.538574017786327e-05
3.5314863691619134e-05
3.5244374309360664e-05
3.5174268056759324e-05
3.51045410118437e-05
3.503518930421454e-05
3.4966209114271584e-05
3.489759667245454e-05
3.48293482584932e-05
3.476146020067273e-05
3.4693928875109237e-05
3.462675070503536e-05
3.4559922160100355e-05
3.4493439755679527e-05
3.4427300052193975e-05
3.436149965444304e-05
3.42960352109461e-05
3.4230903413295455e-05
3.416610099551894e-05
3.4101624733452264e-05
3.403747144412456e-05
3.3973637985147555e-05
3.3910121254120845e-05
3.384691818804315e-05
3.37840257627326e-05
3.3721440992258116e-05
3.365916092837897e-05
3.3597182659992184e-05
3.353550331259052e-05
3.347412004772779e-05
3.341303006249234e-05
3.335223058899064e-05
3.3291718893836716e-05
3.323149227765177e-05
3.317154807456963e-05
3.311188365175181e-05
3.305249640890906e-05
3.299338377783093e-05
3.293454322192218e-05
3.287597223574864e-05
3.281766834458554e-05
3.275962910397877e-05
3.270185209930756e-05
3.264433494535871e-05
3.2587075285904265e-05
3.253007079328686e-05
3.247331916801185e-05
3.241681813834492e-05
3.2360565459917336e-05
3.2304558915336506e-05
3.224879631380181e-05
3.2193275490728776e-05
3.213799430737578e-05
3.208295065047958e-05
3.2028142431895975e-05
3.197356758824349e-05
3.191922408055539e-05
3.186510989393776e-05
3.1811223037227756e-05
3.17575615426642e-05
3.170412346555764e-05
3.165090688396844e-05
3.15979098983889e-05
3.154513063143014e-05
3.149256722751423e-05
3.144021785257081e-05
3.138808069373844e-05
3.133615395907126e-05
3.128443587724737e-05
3.123292469728651e-05
3.118161868826717e-05
3.113051613905088e-05
3.1079615358010416e-05
3.1028914672760765e-05
3.097841242989613e-05
3.092810699472903e-05
3.0877996751035275e-05
3.082808010080139e-05
3.077835546397597e-05
3.0728821278225726e-05
3.0679475998694584e-05
3.0630318097766636e-05
3.058134606483219e-05
3.0532558406058154e-05
3.0483953644160485e-05
3.0435530318183643e-05
3.0387286983277724e-05
3.033922221048334e-05
3.0291334586519357e-05
3.0243622713571095e-05
3.0196085209084543e-05
3.0148720705563073e-05
3.010152785036524e-05
3.0054505305508696e-05
3.000765174747437e-05
2.9960965867014547e-05
2.9914446368965446e-05
2.986809197205939e-05
2.98219014087414e-05
2.9775873424990572e-05
2.9730006780139474e-05
2.968430024670048e-05
2.963875261019264e-05
2.9593362668971588e-05
2.9548129234061358e-05
2.9503051128989943e-05
2.945812718962599e-05
2.9413356264018884e-05
2.9368737212240036e-05
2.9324268906228342e-05
2.9279950229635664e-05
2.9235780077676222e-05
2.9191757356978156e-05
2.9147880985435506e-05
2.9104149892064504e-05
2.906056301686174e-05
2.9017119310662072e-05
2.8973817735001412e-05
2.893065726198017e-05
2.888763687412889e-05
2.884475556427552e-05
2.8802012335415583e-05
2.8759406200582448e-05
2.871693618272158e-05
2.8674601314565242e-05
2.863240063850981e-05
2.8590333206493192e-05
2.8548398079876807e-05
2.8506594329326474e-05
2.8464921034696807e-05
2.842337728491658e-05
2.8381962177875855e-05
2.834067482031449e-05
2.829951432771282e-05
2.825847982418336e-05
2.8217570442363713e-05
2.8176785323312754e-05
2.813612361640577e-05
2.809558447923303e-05
2.805516707749886e-05
2.8014870584922918e-05
2.797469418314153e-05
2.7934637061611604e-05
2.789469841751646e-05
2.7854877455670234e-05
2.781517338842719e-05
2.7775585435589408e-05
2.7736112824317793e-05
2.7696754789042547e-05
2.7657510571376752e-05
2.7618379420030058e-05
2.757936059072288e-05
2.7540453346103984e-05
2.7501656955666692e-05
2.7462970695667915e-05
2.7424393849048522e-05
2.738592570535329e-05
2.734756556065271e-05
2.7309312717466372e-05
2.727116648468782e-05
2.7233126177507514e-05
2.7195191117341526e-05
2.715736063175668e-05
2.7119634054399454e-05
2.7082010724925216e-05
2.704448998892841e-05
2.700707119787304e-05
2.69697537090258e-05
2.693253688538709e-05
2.689542009562716e-05
2.685840271401906e-05
2.6821484120375434e-05
2.6784663699983836e-05
2.6747940843545958e-05
2.6711314947113388e-05
2.6674785412028908e-05
2.6638351644865266e-05
2.6602013057365773e-05
2.6565769066386272e-05
2.6529619093836857e-05
2.6493562566625806e-05
2.645759891660261e-05
2.64217275805026e-05
2.6385947999892585e-05
2.635025962111675e-05
2.6314661895243275e-05
2.627915427801241e-05
2.6243736229782863e-05
2.6208407215483963e-05
2.6173166704561e-05
2.6138014170929444e-05
2.6102949092922792e-05
2.6067970953245647e-05
2.6033079238925303e-05
2.5998273441265227e-05
2.596355305579745e-05
2.5928917582236792e-05
2.5894366524436723e-05
2.5859899390342462e-05
2.5825515691948763e-05
2.579121494525502e-05
2.575699667022287e-05
2.572286039073318e-05
2.568880563454489e-05
2.5654831933252717e-05
2.5620938822246667e-05
2.5587125840671834e-05
2.555339253138912e-05
2.5519738440934503e-05
2.5486163119481382e-05
2.5452666120802275e-05
2.5419247002230045e-05
2.538590532462235e-05
2.5352640652323337e-05
2.531945255312679e-05
2.5286340598243248e-05
2.525330436226055e-05
2.5220343423111884e-05
2.5187457362040108e-05
2.5154645763563418e-05
2.5121908215442216e-05
2.5089244308645606e-05
2.5056653637319256e-05
2.5024135798751604e-05
2.4991690393343357e-05
2.4959317024574872e-05
2.4927015298975713e-05
2.48947848260933e-05
2.486262521846261e-05
2.48305360915768e-05
2.4798517063856655e-05
2.476656775662167e-05
2.473468779406173e-05
2.4702876803207643e-05
2.4671134413903105e-05
2.4639460258777897e-05
2.460785397321888e-05
2.4576315195343956e-05
2.454484356597507e-05
2.4513438728611248e-05
2.4482100329402887e-05
2.445082801712595e-05
2.4419621443155973e-05
2.4388480261443937e-05
2.4357404128490045e-05
2.432639270331957e-05
2.429544564746001e-05
2.4264562624914584e-05
2.4233743302140544e-05
2.4202987348024933e-05
2.4172294433861984e-05
2.414166423332976e-05
2.4111096422467524e-05
2.408059067965416e-05
2.405014668558562e-05
2.4019764123253697e-05
2.3989442677923974e-05
2.3959182037114426e-05
2.392898189057562e-05
2.3898841930269087e-05
2.386876185034731e-05
2.3838741347132077e-05
2.3808780119097627e-05
2.3778877866847576e-05
2.3749034293097634e-05
2.371924910265575e-05
2.368952200240197e-05
2.365985270127148e-05
2.3630240910235655e-05
2.3600686342282115e-05
2.357118871239836e-05
2.3541747737553323e-05
2.3512363136679314e-05
2.3483034630655066e-05
2.345376194228814e-05
2.342454479629748e-05
2.339538291929769e-05
2.3366276039781093e-05
2.3337223888102228e-05
2.3308226196460455e-05
2.3279282698885028e-05
2.325039313121896e-05
2.3221557231102223e-05
2.3192774737957955e-05
2.3164045392975424e-05
2.3135368939096018e-05
2.3106745120997928e-05
2.307817368508086e-05
2.3049654379452e-05
2.302118695391153e-05
2.2992771159937847e-05
2.296440675067382e-05
2.2936093480912503e-05
2.290783110708375e-05
2.2879619387239864e-05
2.285145808104283e-05
2.2823346949751214e-05
2.2795285756205453e-05
2.276727426481603e-05
2.2739312241550866e-05
2.27113994539217e-05
2.2683535670972073e-05
2.265572066326459e-05
2.2627954202868756e-05
2.2600236063348506e-05
2.257256601975063e-05
2.2544943848592958e-05
2.2517369327851486e-05
2.2489842236951136e-05
2.246236235675078e-05
2.2434929469535916e-05
2.240754335900367e-05
2.2380203810254432e-05
2.2352910609779745e-05
2.2325663545450757e-05
2.229846240650925e-05
2.2271306983555967e-05
2.2244197068539688e-05
2.221713245474803e-05
2.2190112936796145e-05
2.216313831061743e-05
2.2136208373453264e-05
2.2109322923842097e-05
2.2082481761611062e-05
2.2055684687866108e-05
2.2028931504981307e-05
2.200222201659083e-05
2.1975556027578268e-05
2.194893334406804e-05
2.1922353773417033e-05
2.1895817124203288e-05
2.186932320621963e-05
2.184287183046292e-05
2.1816462809126535e-05
2.1790095955590797e-05
2.1763771084415114e-05
2.1737488011328636e-05
2.171124655322301e-05
2.1685046528143375e-05
2.165888775528011e-05
2.1632770054961364e-05
2.1606693248644325e-05
2.158065715890756e-05
2.1554661609443623e-05
2.1528706425050263e-05
2.1502791431623987e-05
2.147691645615174e-05
2.145108132670359e-05
2.1425285872424846e-05
2.1399529923530004e-05
2.1373813311293997e-05
2.1348135868045936e-05
2.132249742716226e-05
2.1296897823058216e-05
2.1271336891182723e-05
2.12458144680106e-05
2.122033039103553e-05
2.11948844987644e-05
2.116947663070905e-05
2.114410662738153e-05
2.1118774330286312e-05
2.1093479581914006e-05
2.1068222225736126e-05
2.104300210619638e-05
2.101781906870771e-05
2.0992672959643155e-05
2.096756362633205e-05
2.0942490917051947e-05
2.091745468102436e-05
2.0892454768408067e-05
2.0867491030293657e-05
2.0842563318697066e-05
2.0817671486554647e-05
2.0792815387716653e-05
2.076799487694354e-05
2.07432098098978e-05
2.071846004314034e-05
2.069374543412463e-05
2.066906584119125e-05
2.0644421123562523e-05
2.061981114133774e-05
2.0595235755487108e-05
2.057069482784747e-05
2.0546188221117043e-05
2.0521715798850127e-05
2.0497277425452393e-05
2.0472872966175906e-05
2.044850228711404e-05
2.04241652551974e-05
2.0399861738187998e-05
2.0375591604675734e-05
2.035135472407233e-05
2.032715096660823e-05
2.0302980203327187e-05
2.0278842306081865e-05
2.0254737147529374e-05
2.0230664601126917e-05
2.0206624541127635e-05
2.0182616842575646e-05
2.015864138130283e-05
2.0134698033923338e-05
2.0110786677830803e-05
2.0086907191192814e-05
2.006305945294727e-05
2.0039243342799394e-05
2.0015458741215974e-05
1.9991705529423084e-05
1.9967983589400344e-05
1.9944292803878627e-05
1.992063305633575e-05
1.9897004230991974e-05
1.9873406212807255e-05
1.9849838887477024e-05
1.982630214142783e-05
1.9802795861815342e-05
1.977931993651897e-05
1.975587425413983e-05
1.9732458703995743e-05
1.9709073176118685e-05
1.9685717561251675e-05
1.9662391750843647e-05
1.9639095637047926e-05
1.9615829112717865e-05
1.9592592071403645e-05
1.956938440734944e-05
1.9546206015489233e-05
1.9523056791444742e-05
1.9499936631521194e-05
1.947684543270486e-05
1.945378309265954e-05
1.9430749509723534e-05
1.9407744582906625e-05
1.9384768211887193e-05
1.9361820297008955e-05
1.933890073927805e-05
1.931600944036028e-05
1.9293146302577935e-05
1.9270311228906897e-05
1.9247504122973967e-05
1.9224724889054135e-05
1.9201973432067267e-05
1.9179249657575748e-05
1.9156553471782044e-05
1.9133884781524875e-05
1.9111243494277896e-05
1.908862951814555e-05
1.906604276186194e-05
1.9043483134787392e-05
1.9020950546905338e-05
1.899844490882112e-05
1.897596613175805e-05
1.8953514127556073e-05
1.893108880866817e-05
1.8908690088159e-05
1.8886317879701316e-05
1.8863972097574483e-05
1.8841652656661332e-05
1.881935947244658e-05
1.8797092461013675e-05
1.8774851539042807e-05
1.875263662380872e-05
1.873044763317832e-05
1.8708284485608012e-05
1.8686147100142153e-05
1.8664035396410263e-05
1.8641949294624892e-05
1.8619888715579876e-05
1.8597853580647274e-05
1.8575843811776295e-05
1.8553859331490193e-05
1.8531900062884523e-05
1.8509965929625553e-05
1.8488056855947267e-05
1.8466172766649588e-05
1.8444313587097134e-05
1.8422479243215595e-05
1.8400669661491326e-05
1.8378884768968525e-05
1.8357124493246987e-05
1.833538876248116e-05
1.8313677505377096e-05
1.829199065119094e-05
1.827032812972749e-05
1.824868987133742e-05
1.822707580691599e-05
1.8205485867900975e-05
1.8183919986270784e-05
1.8162378094542887e-05
1.8140860125771025e-05
1.8119366013545363e-05
1.809789569198809e-05
1.807644909575377e-05
1.8055026160026564e-05
1.8033626820518462e-05
1.8012251013468125e-05
1.7990898675638445e-05
1.796956974431495e-05
1.7948264157304268e-05
1.7926981852932587e-05
1.7905722770043928e-05
1.7884486847997582e-05
1.7863274026667434e-05
1.784208424644057e-05
1.7820917448213888e-05
1.7799773573394747e-05
1.7778652563897123e-05
1.775755436214183e-05
1.7736478911053803e-05
1.771542615406065e-05
1.7694396035091525e-05
1.7673388498574628e-05
1.765240348943701e-05
1.7631440953101582e-05
1.761050083548609e-05
1.7589583083001967e-05
1.7568687642552195e-05
1.7547814461530092e-05
1.752696348781751e-05
1.7506134669783857e-05
1.7485327956283596e-05
1.7464543296655827e-05
1.7443780640722e-05
1.7423039938784643e-05
1.7402321141625906e-05
1.7381624200506335e-05
1.7360949067162637e-05
1.7340295693807293e-05
1.731966403312528e-05
1.72990540382753e-05
1.7278465662885757e-05
1.725789886105466e-05
1.7237353587347408e-05
1.721682979679646e-05
1.719632744489856e-05
1.7175846487614213e-05
1.715538688136583e-05
1.713494858303643e-05
1.711453154996799e-05
1.709413573996066e-05
1.7073761111270255e-05
1.7053407622607666e-05
1.70330752331372e-05
1.7012763902475553e-05
1.699247359068901e-05
1.6972204258294028e-05
