0.5643401150422901
0.40513619459392564
0.33454789901194104
0.3022272222608267
0.28656462534020155
0.2783302041247736
0.2735776897777423
0.27058447073886505
0.26856231633461886
0.2671231304093579
0.2660580215897205
0.26524431872737947
0.2646047415374159
0.26408817899554093
0.2636597811834056
0.2632953440102116
0.26297786068561224
0.26269528019885785
0.26243899870862897
0.26220282445368565
0.2619822605166724
0.2617740054446156
0.2615756047213264
0.26138520715482694
0.26120139434138623
0.26102306104364204
0.2608493310396234
0.26067949768622917
0.26051298171204307
0.26034930103565324
0.260188048994123
0.26002887847060097
0.25987149017675937
0.2597156238774565
0.2595610517134802
0.2594075730334696
0.25925501032292064
0.2591032059407172
0.2589520194586321
0.25880132545829654
0.2586510116812546
0.2585009774564395
0.2583511323495432
0.258201394992946
0.2580516920649486
0.2579019573942517
0.2577521311708415
0.2576021592482486
0.25745199252497375
0.2573015863950088
0.2571509002590093
0.2569998970889566
0.25684854304015836
0.2566968071052596
0.2565446608056132
0.2563920779159258
0.25623903421857275
0.2560855072843915
0.25593147627711677
0.2557769217789328
0.2556218256348939
0.2554661708142042
0.2553099412865623
0.2551531219119681
0.2549956983425578
0.2548376569351859
0.25467898467360667
0.25451966909923074
0.2543596982495397
0.2541990606033383
0.2540377450321125
0.2538757407568363
0.25371303730964373
0.25354962449984186
0.2533854923837968
0.25322063123827654
0.25305503153687636
0.2528886839291958
0.2527215792224679
0.2525537083653779
0.2523850624338329
0.2522156326184731
0.25204541021373505
0.25187438660830125
0.25170255327678376
0.2515299017725113
0.2513564237212995
0.25118211081609915
0.25100695481242813
0.25083094752450297
0.25065408082199625
0.25047634662735185
0.250297736913601
0.2501182437026242
0.24993785906381438
0.2497565751130984
0.24957438401228013
0.24939127796867283
0.24920724923499082
0.24902229010947513
0.24883639293622958
0.2486495501057474
0.2484617540556095
0.24827299727133945
0.24808327228739868
0.24789257168831225
0.24770088810991092
0.24750821424068148
0.24731454282321602
0.24711986665575142
0.24692417859379368
0.24672747155181918
0.24652973850504872
0.24633097249128894
0.24613116661283646
0.24593031403844146
0.24572840800532758
0.24552544182126393
0.24532140886668738
0.24511630259687303
0.24491011654414985
0.24470284432016037
0.24449447961816176
0.24428501621536824
0.24407444797533198
0.2438627688503618
0.2436499728839793
0.24343605421341002
0.24322100707210964
0.2430048257923242
0.2427875048076836
0.24256903865582732
0.24234942198106196
0.2421286495370502
0.2419067161895298
0.24168361691906332
0.24145934682381617
0.24123390112236492
0.2410072751565327
0.24077946439425327
0.24055046443246225
0.24032027100001513
0.24008887996063155
0.23985628731586603
0.23962248920810322
0.23938748192357892
0.23915126189542457
0.23891382570673622
0.2386751700936668
0.23843529194854052
0.23819418832299005
0.23795185643111516
0.23770829365266205
0.2374634975362238
0.23721746580245956
0.23697019634733366
0.23672168724537268
0.23647193675294065
0.23622094331153082
0.23596870555107363
0.2357152222932607
0.23546049255488277
0.2352045155511818
0.23494729069921613
0.23468881762123706
0.23442909614807722
0.23416812632254866
0.23390590840284983
0.23364244286598135
0.23337773041116755
0.23311177196328517
0.2328445686762956
0.23257612193668095
0.2323064333668823
0.23203550482873883
0.2317633384269262
0.23148993651239277
0.23121530168579307
0.23093943680091572
0.23066234496810456
0.2303840295576725
0.23010449420330442
0.22982374280544893
0.22954177953469643
0.22925860883514185
0.22897423542772966
0.22868866431357981
0.22840190077729156
0.22811395039022392
0.22782481901374996
0.22753451280248224
0.22724303820746833
0.22695040197935157
0.22665661117149705
0.22636167314307823
0.2260655955621223
0.22576838640851093
0.2254700539769344
0.22517060687979396
0.22487005405005242
0.22456840474402645
0.22426566854411956
0.2239618553614911
0.22365697543865828
0.22335103935202744
0.22304405801435057
0.22273604267710323
0.22242700493278073
0.22211695671710713
0.22180591031115407
0.22149387834336423
0.22118087379147608
0.2208669099843441
0.22055200060365138
0.22023615968550841
0.21991940162193452
0.2196017411622158
0.2192831934141365
0.2189637738450757
0.21864349828296764
0.2183223829171175
0.21800044429886878
0.21767769934211623
0.2173541653236593
0.21702985988338971
0.2167048010243084
0.21637900711236435
0.21605249687611222
0.21572528940617985
0.21539740415454142
0.21506886093359015
0.21473967991500406
0.21440988162839827
0.21407948695975879
0.21374851714965104
0.21341699379119644
0.21308493882781188
0.21275237455070542
0.21241932359612167
0.21208580894233153
0.21175185390635987
0.21141748214044476
0.2110827176282227
0.21074758468063431
0.21041210793154363
0.21007631233306653
0.20974022315060192
0.20940386595756066
0.20906726662978709
0.2087304513396674
0.2083934465499213
0.20805627900707058
0.20771897573458187
0.20738156402567828
0.2070440714358164
0.2067065257748255
0.20636895509870457
0.20603138770107587
0.20569385210429075
0.2053563770501867
0.20501899149049385
0.20468172457688882
0.20434460565069595
0.20400766423223532
0.20367093000981668
0.20333443282838226
0.2029982026777975
0.20266226968079248
0.20232666408055672
0.20199141622798986
0.20165655656861273
0.2013221156291426
0.20098812400373742
0.20065461233991685
0.20032161132416396
0.19998915166721704
0.19965726408905918
0.19932597930361395
0.1989953280031581
0.1986653408424608
0.19833604842266145
0.1980074812748989
0.19767966984370372
0.19735264447016948
0.19702643537491626
0.19670107264086373
0.19637658619582832
0.19605300579496507
0.19573036100306893
0.19540868117675783
0.19508799544655542
0.19476833269889504
0.19444972155806683
0.19413219036812993
0.19381576717481233
0.19350047970742312
0.19318635536080114
0.19287342117732417
0.1925617038290059
0.1922512295997051
0.19194202436747498
0.1916341135870781
0.19132752227269617
0.19102227498086033
0.19071839579363098
0.19041590830205496
0.1901148355899277
0.1898152002178891
0.1895170242078809
0.18922032902799257
0.18892513557772506
0.18863146417369875
0.18833933453583224
0.1880487657740194
0.1877597763753307
0.1874723841917625
0.1871866064285611
0.1869024596331444
0.18661995968464345
0.18633912178408718
0.18605996044525008
0.1857824894861833
0.18550672202144783
0.18523267045506642
0.1849603464742109
0.18468976104363938
0.1844209244008962
0.18415384605228652
0.18388853476963535
0.18362499858784015
0.18336324480322247
0.18310327997268533
0.18284510991367808
0.18258873970497164
0.1823341736882435
0.1820814154704707
0.18183046792712595
0.18158133320617414
0.18133401273285832
0.18108850721526976
0.18084481665068833
0.18060294033268295
0.18036287685895647
0.1801246241399202
0.17988817940798008
0.17965353922751615
0.1794206995055342
0.17918965550296834
0.1789604018466115
0.17873293254164885
0.17850724098476878
0.17828331997782465
0.17806116174201958
0.17784075793258552
0.17762209965392683
0.1774051774751978
0.17718998144628395
0.1769765011141542
0.17676472553955289
0.17655464331399842
0.1763462425770561
0.17613951103385214
0.17593443597279568
0.17573100428347588
0.17552920247470127
0.1753290166926478
0.17513043273908477
0.17493343608964473
0.1747380119121068
0.1745441450846621
0.17435182021413084
0.174161021654101
0.17397173352296033
0.17378393972179235
0.17359762395211054
0.17341276973340308
0.1732293604204636
0.17304737922048347
0.1728668092098824
0.17268763335085568
0.1725098345076166
0.17233339546231513
0.17215829893061393
0.17198452757690474
0.17181206402914886
0.17164089089332815
0.1714709907674915
0.1713023462553862
0.17113493997966248
0.17096875459464184
0.170803772798641
0.1706399773458443
0.17047735105771838
0.17031587683396485
0.17015553766300678
0.16999631663200804
0.16983819693642171
0.16968116188906981
0.1695251949287539
0.16937027962839799
0.1692163997027274
0.16906353901548682
0.1689116815862018
0.16876081159648904
0.16861091339592252
0.16846197150746045
0.16831397063244233
0.1681668956551634
0.16802073164703485
0.1678754638703403
0.1677310777815969
0.1675875590345326
0.16744489348268837
0.16730306718165927
0.16716206639098186
0.16702187757568332
0.16688248740750145
0.1667438827657885
0.1666060507381109
0.1664689786205576
0.16633265391776814
0.1661970643426941
0.1660621978161059
0.16592804246585668
0.1657945866259166
0.1656618188351892
0.1655297278361218
0.16539830257312244
0.16526753219079482
0.16513740603200294
0.16500791363577694
0.1648790447350713
0.1647507892543869
0.1646231373072663
0.16449607919367465
0.16436960539727488
0.16424370658260784
0.16411837359218667
0.16399359744351494
0.1638693693260372
0.16374568059803163
0.16362252278345124
0.1634998875687236
0.16337776679951593
0.1632561524774725
0.16313503675693222
0.1630144119416328
0.16289427048140726
0.1627746049688804
0.16265540813616852
0.16253667285159076
0.1624183921163943
0.1623005590615007
0.1621831669442755
0.1620662091453277
0.16194967916534095
0.1618335706219411
0.16171787724660358
0.16160259288160322
0.16148771147700908
0.1613732270877283
0.16125913387059895
0.16114542608153642
0.16103209807273372
0.16091914428991705
0.1608065592696602
0.1606943376367558
0.16058247410164786
0.1604709634579236
0.16035980057986726
0.16024898042007546
0.16013849800713453
0.1600283484433605
0.15991852690260136
0.1598090286281018
0.1596998489304302
0.15959098318546772
0.15948242683245872
0.15937417537212265
0.15926622436482596
0.1591585694288145
0.1590512062385048
0.15894413052283304
0.15883733806366268
0.15873082469424732
0.1586245862977499
0.15851861880581583
0.15841291819719971
0.15830748049644403
0.15820230177260924
0.15809737813805325
0.15799270574725982
0.15788828079571432
0.15778409951882544
0.15768015819089182
0.15757645312411261
0.1574729806676396
0.15736973720667097
0.15726671916158452
0.15716392298710946
0.15706134517153517
0.15695898223595586
0.1568568307335501
0.15675488724889358
0.15665314839730393
0.15655161082421654
0.15645027120459018
0.15634912624234132
0.1562481726698052
0.15614740724722415
0.15604682676226012
0.1559464280295318
0.1558462078901745
0.15574616321142226
0.15564629088621035
0.15554658783279823
0.15544705099441103
0.15534767733889948
0.15524846385841667
0.155149407569111
0.15505050551083466
0.15495175474686657
0.15485315236364902
0.1547546954705376
0.15465638119956257
0.15455820670520248
0.15446016916416833
0.1543622657751974
0.1542644937588577
0.15416685035735977
0.1540693328343778
0.1539719384748784
0.15387466458495558
0.1537775084916737
0.15368046754291562
0.15358353910723643
0.1534867205737232
0.15339000935185854
0.15329340287138915
0.15319689858219815
0.15310049395418074
0.15300418647712372
0.152907973660587
0.15281185303378858
0.1527158221454914
0.15261987856389214
0.15252401987651193
0.15242824369008873
0.15233254763047027
0.15223692934250915
0.15214138648995776
0.15204591675536439
0.1519505178399698
0.15185518746360382
0.1517599233645826
0.15166472329960545
0.1515695850436518
0.1514745063898778
0.15137948514951288
0.1512845191517555
0.15118960624366878
0.15109474429007524
0.15099993117345092
0.15090516479381905
0.15081044306864266
0.15071576393271635
0.15062112533805744
0.1505265252537959
0.1504319616660637
0.15033743257788296
0.15024293600905297
0.1501484699960367
0.15005403259184602
0.14995962186592582
0.14986523590403739
0.1497708728081405
0.14967653069627507
0.14958220770244096
0.14948790197647777
0.14939361168394294
0.1492993350059894
0.14920507013924222
0.14911081529567413
0.14901656870248065
0.14892232860195392
0.1488280932513561
0.14873386092279217
0.14863962990308122
0.14854539849362797
0.14845116501029315
0.14835692778326345
0.148262685156921
0.14816843548971173
0.148074177154014
0.14797990853600662
0.14788562803553573
0.14779133406598255
0.14769702505412985
0.14760269944002807
0.1475083556768623
0.14741399223081758
0.1473196075809453
0.14722520021902855
0.14713076864944796
0.14703631138904744
0.1469418269669996
0.14684731392467137
0.14675277081548982
0.1466581962048082
0.1465635886697715
0.1464689467991831
0.1463742691933707
0.14627955446405358
0.14618480123420904
0.14609000813794004
0.14599517382034263
0.14590029693737433
0.1458053761557223
0.14571041015267266
0.1456153976159797
0.14552033724373592
0.14542522774424266
0.1453300678358812
0.14523485624698446
0.14513959171570942
0.14504427298991035
0.14494889882701206
0.144853467993885
0.1447579792667198
0.14466243143090385
0.14456682328089754
0.14447115362011215
0.14437542126078806
0.14427962502387387
0.14418376373890673
0.14408783624389332
0.14399184138519133
0.14389577801739278
0.14379964500320735
0.1437034412133473
0.14360716552641303
0.1435108168287796
0.14341439401448458
0.14331789598511643
0.14322132164970436
0.14312466992460898
0.1430279397334137
0.142931130006818
0.14283423968253084
0.14273726770516582
0.142640213026137
0.14254307460355606
0.14244585140213023
0.14234854239306213
0.1422511465539493
0.14215366286868641
0.14205609032736732
0.14195842792618935
0.14186067466735752
0.14176282955899094
0.14166489161502988
0.14156685985514372
0.14146873330464083
0.14137051099437864
0.1412721919606757
0.14117377524522412
0.14107525989500402
0.1409766449621982
0.1408779295041086
0.14077911258307385
0.14068019326638767
0.14058117062621867
0.14048204373953116
0.14038281168800726
0.14028347355797
0.1401840284403076
0.14008447543039915
0.13998481362804083
0.1398850421373739
0.13978516006681369
0.13968516652897917
0.13958506064062465
0.1394848415225715
0.13938450829964205
0.1392840601005937
0.13918349605805486
0.1390828153084614
0.13898201699199483
0.1388811002525212
0.13878006423753095
0.1386789080980803
0.13857763098873377
0.13847623206750675
0.138374710495811
0.13827306543839937
0.13817129606331296
0.13806940154182845
0.13796738104840708
0.13786523376064452
0.13776295885922157
0.1376605555278564
0.1375580229532573
0.13745536032507696
0.13735256683586738
0.1372496416810362
0.1371465840588038
0.13704339317016156
0.13694006821883092
0.1368366084112238
0.13673301295640403
0.13662928106604927
0.1365254119544146
0.1364214048382967
0.13631725893699914
0.13621297347229877
0.1361085476684129
0.1360039807519675
0.13589927195196666
0.13579442049976265
0.13568942562902714
0.13558428657572344
0.1354790025780796
0.13537357287656232
0.13526799671385228
0.13516227333481998
0.13505640198650273
0.13495038191808245
0.13484421238086458
0.1347378926282579
0.13463142191575506
0.1345247995009145
0.13441802464334265
0.13431109660467766
0.1342040146485738
0.13409677804068657
0.13398938604865926
0.1338818379421098
0.13377413299261898
0.1336662704737194
0.13355824966088525
0.1334500698315232
0.1333417302649639
0.13323323024245473
0.13312456904715322
0.1330157459641212
0.13290676028032017
0.13279761128460765
0.13268829826773387
0.13257882052233955
0.13246917734295524
0.13235936802600046
0.13224939186978438
0.13213924817450737
0.13202893624226314
0.131918455377042
0.13180780488473476
0.13169698407313787
0.13158599225195902
0.13147482873282396
0.13136349282928372
0.13125198385682352
0.1311403011328715
0.1310284439768094
0.13091641170998308
0.1308042036557147
0.13069181913931543
0.13057925748809895
0.13046651803139617
0.13035360010057032
0.13024050302903348
0.13012722615226327
0.1300137688078214
0.1299001303353719
0.12978631007670127
0.12967230737573893
0.12955812157857868
0.12944375203350103
0.1293291980909964
0.12921445910378931
0.12909953442686323
0.12898442341748645
0.12886912543523887
0.1287536398420396
0.12863796600217534
0.1285221032823299
0.12840605105161434
0.12828980868159823
0.1281733755463416
0.12805675102242792
0.12793993448899788
0.1278229253277841
0.12770572292314689
0.1275883266621104
0.12747073593440056
0.12735295013248268
0.12723496865160155
0.12711679088982067
0.12699841624806388
0.12687984413015707
0.12676107394287112
0.12664210509596552
0.12652293700223302
0.1264035690775456
0.1262840007409006
0.12616423141446828
0.1260442605236402
0.1259240874970786
0.12580371176676639
0.1256831327680586
0.12556234993973428
0.12544136272404954
0.12532017056679168
0.12519877291733386
0.1250771692286911
0.12495535895757713
0.12483334156446199
0.12471111651363083
0.12458868327324348
0.12446604131539513
0.12434319011617781
0.1242201291557431
0.12409685791836522
0.12397337589250594
0.12384968257087954
0.12372577745051958
0.12360166003284595
0.12347732982373322
0.12335278633358
0.1232280290773792
0.12310305757478912
0.12297787135020567
0.1228524699328356
0.12272685285677071
0.12260101966106274
0.12247496988979972
0.12234870309218285
0.12222221882260464
0.12209551664072797
0.12196859611156607
0.12184145680556352
0.12171409829867819
0.12158652017246428
0.12145872201415622
0.12133070341675355
0.12120246397910671
0.12107400330600428
0.12094532100826036
0.12081641670280377
0.12068729001276755
0.12055794056758011
0.12042836800305642
0.1202985719614913
0.12016855209175273
0.12003830804937664
0.1199078394966624
0.11977714610276953
0.11964622754381515
0.11951508350297241
0.11938371367056995
0.11925211774419227
0.11912029542878116
0.11898824643673761
0.11885597048802533
0.11872346731027467
0.11859073663888765
0.11845777821714412
0.11832459179630818
0.1181911771357363
0.1180575340029859
0.11792366217392469
0.11778956143284146
0.11765523157255692
0.11752067239453633
0.11738588370900219
0.11725086533504826
0.11711561710075427
0.11698013884330145
0.1168444304090889
0.1167084916538508
0.1165723224427744
0.11643592265061874
0.11629929216183438
0.11616243087068348
0.11602533868136108
0.11588801550811684
0.11575046127537761
0.11561267591787082
0.11547465938074829
0.11533641161971078
0.1151979326011339
0.11505922230219337
0.1149202807109922
0.11478110782668778
0.11464170365961959
0.11450206823143808
0.11436220157523315
0.11422210373566441
0.1140817747690907
0.11394121474370125
0.11380042373964636
0.11365940184916949
0.11351814917673904
0.1133766658391811
0.11323495196581208
0.11309300769857242
0.11295083319216
0.11280842861416435
0.11266579414520105
0.11252292997904616
0.11237983632277138
0.11223651339687925
0.11209296143543837
0.11194918068621915
0.11180517141082949
0.11166093388485077
0.11151646839797363
0.11137177525413441
0.11122685477165103
0.11108170728335912
0.11093633313674839
0.11079073269409834
0.11064490633261474
0.11049885444456539
0.1103525774374155
0.11020607573396388
0.11005934977247803
0.1099124000068292
0.10976522690662732
0.10961783095735575
0.10947021266050516
0.10932237253370751
0.10917431111086928
0.10902602894230456
0.10887752659486724
0.10872880465208301
0.10857986371428041
0.10843070439872178
0.10828132733973299
0.10813173318883257
0.10798192261486059
0.10783189630410604
0.10768165496043369
0.10753119930541029
0.10738053007842938
0.10722964803683549
0.10707855395604715
0.10692724862967878
0.10677573286966181
0.10662400750636404
0.10647207338870843
0.10631993138429033
0.10616758237949306
0.10601502727960298
0.10586226700892248
0.10570930251088159
0.1055561347481484
0.10540276470273757
0.10524919337611756
0.10509542178931608
0.1049414509830235
0.10478728201769516
0.1046329159736514
0.10447835395117566
0.10432359707061116
0.10416864647245504
0.10401350331745082
0.10385816878667875
0.10370264408164392
0.10354693042436222
0.10339102905744411
0.10323494124417606
0.10307866826859977
0.10292221143558863
0.10276557207092218
0.10260875152135775
0.1024517511546996
0.1022945723598655
0.10213721654695071
0.10197968514728892
0.1018219796135107
0.10166410141959906
0.10150605206094196
0.10134783305438208
0.10118944593826339
0.10103089227247483
0.10087217363849081
0.10071329163940845
0.10055424789998182
0.10039504406665269
0.10023568180757797
0.100076162812654
0.09991648879353715
0.09975666148366114
0.09959668263825051
0.09943655403433105
0.09927627747073589
0.09911585476810861
0.09895528776890203
0.09879457833737368
0.09863372835957704
