0.556505766532904
0.26680635186884444
0.2633847623051475
0.26227901721803765
0.2613728471923843
0.2605110985068883
0.2596603781353631
0.258801878110799
0.25792279206921087
0.2570140676354383
0.25606909757656976
0.2550828619608883
0.254051364356754
0.25297126415556587
0.2518396388579217
0.2506538317658081
0.24941135541222742
0.2481098312363954
0.24674695291051002
0.2453204653715706
0.24382815473463473
0.2422678463659663
0.2406374098208261
0.2389347703361902
0.23715792727451712
0.23530498045426892
0.2333741657608447
0.23136390187662131
0.22927285046141938
0.22709999270919834
0.22484472594502503
0.2225069848193265
0.22008739264660002
0.21758744933323237
0.21500976272756028
0.21235832934666604
0.2096388670907357
0.2068591951186214
0.20402964274013752
0.2011634487641536
0.19827708588742032
0.19539041566501203
0.19252655756489212
0.18971135435163433
0.18697235031752296
0.1843372771446563
0.18183215777575246
0.17947926440166742
0.17729525888057457
0.17528985861201907
0.17346528667420918
0.1718165994235621
0.17033279127249604
0.16899842077395538
0.16779543147036236
0.16670486422632105
0.16570824842538345
0.1647885743300162
0.16393084976702219
0.16312231012284845
0.1623523786071827
0.16161247272475224
0.16089573550338104
0.16019674716217072
0.15951125154512974
0.15883591499198718
0.15816812396092653
0.15750582089230558
0.15684737429308462
0.15619147766770203
0.155537071817628
0.1548832855581983
0.15422939067340427
0.15357476773230594
0.1529188801193573
0.1522612542447736
0.15160146439475553
0.15093912106624569
0.1502738619244774
0.14960534474217313
0.14893324184332107
0.14825723569573995
0.14757701538603651
0.14689227377648262
0.14620270519209727
0.14550800352248472
0.14480786065017998
0.14410196513784862
0.1433900011224727
0.142671647376917
0.1419465765089336
0.14121445427540233
0.14047493899591812
0.13972768105507355
0.13897232248722458
0.13820849664136828
0.13743582792715311
0.13665393164609918
0.1358624139149194
0.13506087169045522
0.1342488929082221
0.133426056748921
0.13259193404952577
0.13174608787769157
0.13088807429023258
0.13001744329824763
0.1291337400630867
0.12823650634868622
0.12732528225677822
0.1263996082720174
0.12545902764406736
0.12450308913304227
0.12353135014329818
0.12254338026830486
0.12153876526608991
0.12051711148044322
0.11947805071761379
0.11842124558156827
0.11734639526297932
0.1162532417679722
0.11514157656232185
0.11401124759533647
0.11286216665520171
0.11169431699424726
0.11050776114861069
0.10930264886232689
0.10807922501118018
0.10683783740696691
0.1055789443483671
0.10430312177068214
0.10301106983353064
0.10170361877352602
0.10038173383834836
0.09904651910991275
0.09769922001808162
0.0963412243432469
0.09497406150694959
0.09359939995549282
0.09221904245335896
0.09083491912237526
0.08944907809022837
0.08806367364926437
0.08668095187447106
0.0853032337086751
0.08393289559328618
0.08257234780358101
0.0812240107368077
0.07989028949645496
0.0785735472128716
0.07727607763390076
0.07600007760322287
0.0747476201119641
0.07352062865396836
0.07232085363059157
0.0711498515318115
0.07000896756366305
0.06889932229692616
0.06782180278109555
0.06677705840666229
0.06576550161638164
0.0647873133736458
0.06384245310596041
0.0629306726667234
0.06205153371085483
0.061204427768889
0.06038859823622199
0.05960316347181793
0.05884714022242116
0.05811946664927081
0.057419024326785015
0.05674465869722904
0.056095197591917015
0.05546946755833124
0.05486630785522657
0.05428458208769486
0.05372318754678271
0.05318106239117654
0.05265719086119575
0.052150606748904337
0.05166039536471824
0.05118569424327443
0.0507256928226453
0.05027963131430643
0.049846798959404304
0.04942653184223589
0.049018210406377966
0.04862125679405479
0.04823513210612666
0.04785933365915602
0.04749339229769263
0.04713686980430208
0.04678935643686746
0.04645046861212944
0.0461198467460405
0.04579715325500999
0.04548207071722038
0.045174300189626745
0.04487355967376115
0.0445795827218311
0.04429211717363777
0.044010924014386305
0.0437357763433853
0.043466458443835065
0.0432027649442928
0.0429445000629221
0.04269147692622525
0.042443516954587535
0.04220044930760419
0.041962110382791275
0.041728343361890595
0.041498997799554
0.041273929249731146
0.041052998925581716
0.04083607338918922
0.04062302426776856
0.040413727993434366
0.040208065563935004
0.040005922322059316
0.03980718775169345
0.039611755288744666
0.03941952214536196
0.039230389146072325
0.03904426057461638
0.038861044030414724
0.03868065029372434
0.03850299319865739
0.03832798951333436
0.03815555882652949
0.037985623440243
0.03781810826770041
0.037652940736337875
0.0374900506953821
0.03732937032767869
0.03717083406546029
0.037014378509780205
0.03685994235336609
0.036707466306674236
0.03655689302694698
0.036408167050095586
0.03626123472524807
0.03611604415181582
0.03597254511894686
0.035830689047244374
0.03569042893263942
0.03555171929231618
0.03541451611259473
0.03527877679868481
0.035144460126229064
0.035011526194560286
0.0348799363816018
0.034749653300344956
0.034620640756841056
0.03449286370964921
0.03436628823068421
0.034240881467412214
0.03411661160634384
0.033993447837777496
0.03387136032174755
0.03375032015513426
0.033630299339894115
0.033511270752371376
0.0333932081136528
0.03327608596092974
0.03315987961983251
0.03304456517770413
0.03293011945778125
0.032816519994251364
0.032703745008157335
0.032591773384120025
0.03248058464785237
0.03237015894443809
0.03226047701735002
0.03215152018818323
0.032043270337079766
0.031935709883822175
0.03182882176957371
0.031722589439244636
0.03161699682446366
0.03151202832713537
0.03140766880356431
0.031303903549127945
0.03120071828348015
0.031098099136268938
0.03099603263335126
0.030894505683489573
0.030793505565514426
0.030693019915938397
0.03059303671700695
0.030493544285172435
0.03039453125997766
0.03029598659333626
0.030197899539197118
0.03010025964358081
0.03000305673497624
0.029906280915086098
0.029809922549910113
0.029713972261155477
0.029618420917963885
0.02952325962894539
0.02942847973450923
0.029334072799482067
0.02924003060600478
0.029146345146698636
0.02905300861809241
0.02896001341430192
0.028867352120954048
0.028775017509347196
0.028683002530840662
0.028591300311465284
0.02849990414674832
0.028408807496745615
0.02831800398127374
0.02822748737533618
0.02813725160473656
0.028047290741872843
0.02795759900170655
0.02786817073790071
0.02777900043912127
0.02769008272549578
0.02760141234522459
0.02751298417133867
0.027424793198599168
0.027336834540533803
0.02724910342660501
0.02716159519950525
0.027074305312574855
0.02698722932733799
0.026900362911152192
0.026813701834967677
0.026727241971191792
0.026640979291655143
0.026554909865675116
0.02646902985821334
0.02638333552812329
0.02629782322648443
0.02621248939501966
0.026127330564592606
0.026042343353781423
0.025957524467526166
0.025872870695846525
0.025788378912627058
0.02570404607446688
0.025619869219591397
0.025535845466822745
0.025451972014607145
0.025368246140095724
0.025284665198277188
0.025201226621159263
0.025117927916997032
0.025034766669565722
0.024951740537475765
0.024868847253528073
0.024786084624107533
0.02470345052861243
0.024620942918918334
0.024538559818874185
0.024456299323828926
0.0243741596001869
0.024292138884990287
0.02421023548552701
0.024128447778962205
0.02404677421199215
0.023965213300518623
0.02388376362934267
0.023802423851875996
0.023721192689868737
0.02364006893315223
0.023559051439395476
0.023478139133873865
0.023397331009249137
0.02331662612535915
0.023236023609016325
0.02315552265381362
0.02307512251993675
0.02299482253398191
0.02291462208877732
0.022834520643208085
0.02275451772204294
0.02267461291576204
0.022594805880384802
0.02251509633729657
0.022435484073073494
0.02235596893930434
0.022276550852408518
0.022197229793449194
0.02211800580794091
0.02203887900565039
0.02195984956038991
0.021880917709802456
0.02180208375513746
0.02172334806101671
0.021644711055189142
0.02156617322827413
0.02148773513349209
0.021409397386381868
0.021331160664503964
0.021253025707128892
0.021174993314909803
0.021097064349538876
0.02101923973338625
0.020941520449121356
0.020863907539315406
0.020786402106024643
0.02070900531035353
0.020631718371997176
0.02055454256876245
0.020477479236066916
0.0204005297664151
0.02032369560885152
0.020246978268389573
0.02017037930541602
0.0200939003350703
0.020017543026598125
0.01994130910267887
0.019865200338726224
0.01978921856216153
0.019713365651659605
0.019637643536366045
0.0195620541950863
0.019486599655445507
0.01941128199301917
0.019336103330433986
0.019261065836438815
0.019186171724945234
0.01911142325403778
0.019036822724953353
0.018962372481029808
0.018888074906623545
0.018813932425995984
0.018739947502169018
0.01866612263574925
0.018592460363721183
0.018518963258209474
0.01844563392521021
0.018372475003291665
0.01829948916226453
0.018226679101822078
0.018154047550150397
0.018081597262509373
0.018009331019784545
0.017937251627010646
0.01786536191186711
0.017793664723146353
0.01772216292919538
0.01765085941633156
0.01757975708723328
0.01750885885930622
0.017438167663026492
0.01736768644026116
0.017297418142567564
0.01722736572947222
0.017157532166730702
0.017087920424569428
0.017018533475910876
0.01694937429458334
0.016880445853516668
0.0168117511229254
0.016743293068480783
0.016675074649473168
0.016607098816966353
0.016539368511945502
0.01647188666346036
0.016404656186765322
0.016337679981458297
0.01627096092962
0.016204501893955572
0.01613830571594033
0.01607237521397164
0.016006713181528655
0.015941322385342065
0.01587620556357554
0.015811365424021156
0.0157468046423105
0.015682525860143674
0.015618531683538018
0.015554824681098667
0.015491407382312864
0.01542828227587014
0.015365451808010133
0.015302918380900195
0.015240684351044694
0.015178752027727766
0.015117123671491726
0.015055801492652572
0.014994787649854867
0.014934084248667373
0.01487369334022138
0.014813616919893455
0.014753856926034033
0.0146944152387436
0.014635293678697946
0.014576494006023885
0.01451801791922682
0.01445986705417148
0.014402042983117126
0.014344547213808147
0.014287381188621443
0.014230546283771229
0.014174043808572482
0.014117875004763594
0.014062041045888925
0.014006543036742224
0.013951382012871017
0.01389655894014257
0.013842074714371856
0.013787930161011541
0.013734126034904391
0.013680663020097784
0.013627541729720659
0.013574762705922361
0.013522326419873429
0.013470233271827713
0.013418483591245568
0.013367077636977394
0.013316015597506968
0.013265297591253831
0.013214923666933838
0.01316489380397698
0.013115207913001466
0.013065865836343008
0.01301686734863797
0.012968212157459432
0.01291989990400453
0.012871930163831879
0.01282430244764749
0.012777016202137774
0.01273007081084795
0.012683465595104236
0.012637199814978139
0.012591272670291129
0.012545683301657864
0.012500430791566135
0.012455514165491732
0.012410932393046359
0.012366684389156474
0.012322769015271486
0.012279185080599005
0.01223593134336539
0.012193006512099525
0.012150409246937948
0.0121081381609492
0.012066191821475628
0.012024568751490486
0.011983267430968478
0.011942286298267896
0.011901623751522206
0.011861278150039414
0.011821247815707328
0.011781531034402697
0.011742126057402706
0.011703031102796805
0.011664244356897377
0.011625763975647371
0.011587588086023434
0.01154971478743284
0.011512142153102752
0.011474868231460216
0.011437891047501673
0.011401208604150297
0.011364818883600188
0.011328719848645804
0.01129290944399571
0.011257385597569329
0.011222146221775595
0.011187189214772658
0.011152512461707351
0.011118113835933866
0.011083991200210482
0.011050142407873758
0.01101656530398935
0.010983257726478799
0.010950217507221686
0.010917442473132661
0.010884930447212643
0.01085267924957399
0.010820686698439132
0.010788950611112305
0.010757468804924137
0.010726239098148927
0.010695259310894243
0.01066452726596295
0.010634040789687438
0.010603797712735947
0.010573795870891183
0.010544033105801143
0.010514507265702206
0.010485216206114738
0.010456157790511279
0.010427329890957508
0.010398730388726296
0.010370357174885006
0.010342208150856413
0.010314281228953545
0.010286574332888748
0.0102590853982574
0.010231812372996677
0.010204753217819672
0.010177905906625512
0.01015126842688569
0.010124838780007275
0.01009861498167336
0.010072595062161283
0.010046777066639192
0.010021159055441351
0.009995739104322814
0.009970515304693962
0.009945485763835485
0.009920648605094232
0.009896001968060727
0.009871544008728535
0.009847272899636458
0.009823186829993757
0.009799284005789168
0.009775562649884155
0.009752021002091047
0.00972865731923648
0.00970546987521078
0.009682456961003873
0.009659616884728058
0.009636947971628389
0.009614448564081043
0.009592117021580256
0.009569951720714263
0.009547951055130875
0.00952611343549296
0.009504437289424555
0.009482921061447845
0.009461563212911677
0.009440362221911875
0.009419316583203906
0.009398424808108322
0.009377685424409315
0.009357096976246867
0.009336658024002879
0.009316367144181608
0.009296222929284849
0.009276223987682238
0.00925636894347688
0.009236656436366862
0.009217085121502813
0.00919765366934186
0.009178360765498363
0.009159205110591605
0.009140185420090843
0.009121300424157897
0.009102548867487563
0.009083929509146202
0.009065441122408535
0.009047082494593142
0.009028852426896643
0.009010749734226942
0.008992773245035654
0.008974921801149963
0.008957194257604035
0.008939589482470197
0.008922106356690097
0.008904743773905877
0.00888750064029166
0.008870375874385397
0.008853368406921223
0.00883647718066248
0.008819701150235507
0.008803039281964324
0.00878649055370629
0.008770053954688876
0.008753728485347593
0.008737513157165235
0.00872140699251242
0.008705409024489661
0.008689518296770803
0.008673733863448132
0.008658054788879072
0.008642480147534565
0.008627009023849183
0.00861164051207303
0.00859637371612543
0.008581207749450493
0.00856614173487457
0.008551174804465617
0.008536306099394497
0.008521534769798257
0.00850685997464539
0.008492280881603082
0.008477796666906453
0.00846340651522988
0.008449109619560288
0.008434905181072493
0.008420792409006582
0.008406770520547314
0.008392838740705573
0.00837899630220183
0.008365242445351605
0.008351576417953
0.008337997475176166
0.008324504879454794
0.008311097900379589
0.008297775814593662
0.00828453790568992
0.008271383464110361
0.008258311787047265
0.008245322178346276
0.0082324139484114
0.008219586414111784
0.00820683889869037
0.008194170731674335
0.008181581248787326
0.008169069791863411
0.008156635708762815
0.008144278353289326
0.008131997085109413
0.008119791269672959
0.008107660278135658
0.008095603487282999
0.008083620279455833
0.008071710042477486
0.008059872169582405
0.00804810605934625
0.008036411115617542
0.008024786747450673
0.008013232369040366
0.008001747399657522
0.007990331263586385
0.007978983390063112
0.007967703213215582
0.007956490172004515
0.007945343710165816
0.0079342632761542
0.007923248323087932
0.007912298308694821
0.0079014126952593
0.00789059094957065
0.00787983254287231
0.0078691369508123
0.007858503653394602
0.007847932134931658
0.007837421883997771
0.007826972393383574
0.007816583160051353
0.007806253685091362
0.007795983473679037
0.007785772035033018
0.007775618882374121
0.007765523532885102
0.0077554855076712205
0.007745504331721616
0.007735579533871474
0.0077257106467648815
0.007715897206818478
0.007706138754185818
0.0076964348327223505
0.00768678498995115
0.007677188777029278
0.0076676457487147645
0.007658155463334235
0.007648717482751104
0.007639331372334388
0.007629996700928082
0.007620713040821046
0.007611479967717477
0.007602297060707871
0.007593163902240491
0.007584080078093354
0.0075750451773466225
0.007566058792355569
0.007557120518723845
0.007548229955277321
0.007539386704038232
0.007530590370199829
0.007521840562101318
0.007513136891203285
0.007504478972063439
0.007495866422312699
0.007487298862631647
0.00747877591672735
0.0074702972113104464
0.0074618623760725755
0.007453471043664131
0.007445122849672289
0.007436817432599312
0.007428554433841146
0.007420333497666287
0.007412154271194909
0.0074040164043782
0.0073959195499780275
0.007387863363546729
0.007379847503407217
0.007371871630633284
0.007363935409030064
0.007356038505114779
0.007348180588097636
0.0073403613298629305
0.007332580404950311
0.007324837490536288
0.0073171322664158205
0.007309464414984162
0.007301833621218817
0.007294239572661663
0.0072866819594012405
0.007279160474055168
0.007271674811752707
0.007264224670117517
0.007256809749250401
0.007249429751712375
0.007242084382507716
0.0072347733490671666
0.007227496361231326
0.007220253131234037
0.0072130433736859925
0.0072058668055583735
0.0071987231461666575
0.007191612117154468
0.00718453344247756
0.007177486848387888
0.0071704720634177665
0.007163488818364136
0.0071565368462728944
0.007149615882423348
0.007142725664312705
0.007135865931640675
0.007129036426294163
0.007122236892332012
0.007115467075969835
0.0071087267255649424
0.0071020155916012885
0.007095333426674565
0.0070886799854772906
0.00708205502478403
0.007075458303436639
0.007068889582329614
0.007062348624395455
0.0070558351945901685
0.007049349059878756
0.007042889989220813
0.007036457753556182
0.007030052125790668
0.007023672880781817
0.007017319795324707
0.0070109926481379
0.007004691219849349
0.006998415292982441
0.006992164651942037
0.006985939083000629
0.0069797383742844984
0.0069735623157599624
0.0069674106992197015
0.0069612833182690695
0.0069551799683125505
0.006949100446540195
0.006943044551914163
0.006937012085155311
0.006931002848729797
0.00692501664683582
0.006919053285390347
0.006913112572015909
0.006907194316027473
0.006901298328419378
0.006895424421852284
0.006889572410640235
0.0068837421107377
0.006877933339726767
0.006872145916804302
0.006866379662769255
0.006860634400009938
0.0068549099524913976
0.006849206145742874
0.0068435228068452645
0.006837859764418683
0.006832216848610054
0.006826593891080783
0.006820990724994466
0.006815407185004705
0.006809843107242891
0.006804298329306142
0.0067987726902452505
0.006793266030552711
0.006787778192150766
0.006782309018379583
0.006776858353985434
0.006771426045108943
0.006766011939273427
0.006760615885373279
0.00675523773366238
0.006749877335742638
0.006744534544552555
0.006739209214355805
0.006733901200729995
0.0067286103605553845
0.006723336552003684
0.006718079634526972
0.006712839468846619
0.006707615916942295
0.006702408842041048
0.006697218108606428
0.006692043582327684
0.006686885130109043
0.006681742620059038
0.0066766159214798615
0.00667150490485688
0.006666409441848121
0.006661329405273849
0.006656264669106262
0.006651215108459157
0.006646180599577755
0.006641161019828528
0.0066361562476891294
0.00663116616273835
0.006626190645646179
0.006621229578163933
0.006616282843114395
0.006611350324382099
0.006606431906903604
0.006601527476657921
0.006596636920656887
0.00659176012693573
0.006586896984543634
0.006582047383534363
0.006577211214956996
0.006572388370846658
0.00656757874421542
0.006562782229043154
0.006557998720268535
0.006553228113780077
0.0065484703064072215
0.006543725195911553
0.006538992680977979
0.0065342726612060715
0.006529565037101429
0.006524869710067107
0.006520186582395135
0.006515515557258054
0.0065108565387005796
0.006506209431631278
0.006501574141814343
0.006496950575861421
0.0064923386412234765
0.006487738246182819
0.006483149299845032
0.006478571712131136
0.006474005393769713
0.006469450256289104
0.006464906212009715
0.006460373174036348
0.006455851056250599
0.006451339773303352
0.0064468392406072765
0.006442349374329459
0.006437870091384032
0.006433401309424916
0.006428942946838585
0.006424494922736929
0.0064200571569501385
0.0064156295700197
0.006411212083191405
0.006406804618408417
0.006402407098304494
0.006398019446197124
0.0063936415860808464
0.006389273442620552
0.006384914941144886
0.006380566007639694
0.006376226568741551
0.006371896551731289
0.0063675758845276684
0.006363264495681016
0.006358962314367002
0.006354669270380427
0.006350385294129076
0.006346110316627631
0.006341844269491644
0.006337587084931555
0.006333338695746791
0.006329099035319887
0.006324868037610686
0.006320645637150563
0.006316431769036773
0.006312226368926763
0.006308029373032606
0.006303840718115451
0.0062996603414800425
0.006295488180969298
0.006291324174958909
0.006287168262352049
0.006283020382574056
0.006278880475567239
0.0062747484817856965
0.00627062434219019
0.006266507998243084
0.006262399391903312
0.006258298465621405
0.006254205162334583
0.006250119425461862
0.00624604119889924
0.0062419704270149255
0.006237907054644583
0.006233851027086693
0.006229802290097861
0.00622576078988828
0.006221726473117161
0.006217699286888241
0.006213679178745345
