0.9751138095691851
0.2632876661581573
0.25704149469962123
0.24248050352165015
0.19754568308493803
0.14495702488329198
0.12927217729103496
0.11748423853091386
0.10665392628894618
0.0947563937117419
0.08260305861399282
0.07103054296752122
0.06217187869827183
0.05612517271332433
0.0520315998515474
0.049093761246087206
0.04693288237216007
0.04536117467931997
0.04414674373445573
0.04306892491692601
0.04206849186808464
0.04118599434179224
0.0404384640724636
0.03981370557858628
0.039268639794196106
0.038709872611762036
0.03806677518295638
0.03740932871251348
0.03683722024016901
0.03636937894130713
0.035947624952003786
0.035466534838158086
0.03491831320958707
0.03441365619541824
0.034016965676480534
0.03368338639761587
0.03325814933321927
0.03273710275820457
0.03227950499555026
0.03191838486249493
0.031574288691027005
0.031149198631649742
0.0306753976222083
0.030252502844983084
0.029907391977059716
0.029553577006133456
0.029082720129835787
0.02858453576616094
0.028142363189254956
0.027731052857800656
0.02728735477908563
0.02677621896864082
0.02622426205164502
0.025670401002582367
0.025125898006214172
0.02457673637863496
0.023993182428940597
0.02334575526846392
0.02262839275915935
0.021856880042167466
0.021042029374271628
0.020177983673028164
0.01924466246423167
0.01823450949432185
0.017153436251148096
0.016019128872083562
0.014875662089489955
0.013773478074638624
0.012767801543971096
0.011904830359987495
0.01119226281631474
0.01059642784798399
0.01008183232891624
0.009638906094465927
0.009268030798613148
0.00895712676628156
0.008672975225176297
0.00839403428400012
0.008137890996008946
0.007922432794057748
0.0077452004581984035
0.0075912517796603365
0.007442193381544131
0.007288800036767516
0.007140207685652858
0.007011443041475136
0.006908808686474962
0.006821543605611841
0.00672010969408269
0.0065938770270134355
0.006471171112557407
0.006371386237877325
0.006288437517583575
0.006197987704735546
0.006081460702028584
0.005956331197057587
0.005854288610296278
0.00578097007799861
0.00568951710211313
0.005551280807705871
0.005425264367277388
0.005332944924620512
0.005244439788467978
0.00510988711042287
0.0049579043296318695
0.004860571204997301
0.0047783902167832645
0.004614192625472155
0.004469218291591798
0.004386372773478146
0.004266298952009275
0.004088188883850699
0.003984773598472534
0.003907060833521354
0.0037118783304227396
0.00360599877487043
0.0035250234606529606
0.003333019483646585
0.003251862601792263
0.003161325937431473
0.0029782430236509863
0.002944452746589665
0.0027916223859643843
0.0026764075796677886
0.0026522654420679027
0.0024675740114903093
0.0024584594799540735
0.002331488033111609
0.0022408139648751506
0.002231294441199994
0.0020740961248965325
0.0020994078440977615
0.001969320821492024
0.0019265275024420152
0.0019062766307418803
0.0017881872896816614
0.0018362975741611403
0.0016946509840980442
0.001714343452142229
0.001648510425208485
0.0015972151931022516
0.0016238237681799133
0.0014994901810975413
0.0015640922340191363
0.001449648029981961
0.0014800041388444251
0.0014344562631579839
0.0013784447830943608
0.0014231483606735942
0.0013157420979214498
0.0013934073778383272
0.0012839359011737972
0.0013121899542169883
0.0012819831506245322
0.0012431607171811843
0.0012913554325155127
0.0011860272477664168
0.0012627798540073307
0.0011649993488212257
0.0012176204826710882
0.0011684505857795671
0.0011460126971847364
0.0011783998846979543
0.0011020714104803746
0.001181919904545876
0.001076121358895389
0.0011367760374006142
0.0010779429940767798
0.001092224395062728
0.0010951159673707916
0.0010376622696881917
0.0011004285532089917
0.0010135394038236713
0.0010901867154353227
0.0010101850780249702
0.0010337169166502297
0.0010291568638765328
0.0009934502928859862
0.0010476118467131858
0.000962483081672037
0.0010243350717772783
0.0009671915644261249
0.000991417149687542
0.0009859312605782471
0.0009412087147240005
0.0009941824598796191
0.0009289913619364586
0.0009813532220437403
0.0009348520134194358
0.0009283501414163674
0.0009563097813277873
0.0009062886024170301
0.0009583666701102319
0.0008973011632825401
0.0009152219117209147
0.0009209686894721218
0.0008910591774356795
0.0009275951435872841
0.0008697034201104688
0.0008992258605855563
0.0008907304359126509
0.0008794568704238134
0.0008921264550617455
0.0008513456432008378
0.0008789120915542551
0.0008647984987686956
0.0008692406959578008
0.0008544010433004741
0.00084145452520942
0.000858078201251804
0.0008409045399476547
0.0008556914145676647
0.0008223520470398988
0.000830633954756106
0.0008440012377083851
0.0008219859070829083
0.0008303615474242516
0.000806196133184994
0.0008137773995424572
0.0008225796005368021
0.0008125935961915785
0.0007979043437431471
0.000794952055389936
0.0008142557597818717
0.0007909605246146877
0.0007973334585594726
0.0007809745549318836
0.0007782871592217568
0.0007983840847336287
0.000779176489891923
0.0007717686824399422
0.0007617146953755625
0.0007955778085920995
0.0007601086060167204
0.0007664065213885045
0.0007566184279180634
0.0007593985800820066
0.0007621954342866948
0.000752730924894768
0.0007497629648089728
0.0007289709801720193
0.0007750254015017843
0.0007327905001739275
0.0007418387086492908
0.0007197408938358613
0.0007660098648192616
0.0007203754175776334
0.0007317708214818358
0.0007209112595724125
0.0007307383387199958
0.0007235012007661719
0.0007163683684127856
0.0007209992175878275
0.0006954217705622507
0.0007375665317439621
0.0006975021947648589
0.0007164321583216083
0.0006755754074868382
0.0007463454357642116
0.0006813322580407084
0.0007077175348391429
0.0006706155816305391
0.0007349195443612598
0.0006730354194945746
0.0006952316502747796
0.000673969341547024
0.0007054284929162455
0.0006743838114109139
0.0006794165291113474
0.0006789735655588002
0.0006713980147025191
0.0006834876847247882
0.0006618268111756348
0.0006815730173901262
0.0006428714162396296
0.0006957495836339676
0.00064463364414906
0.0006804518050620178
0.0006227996009122146
0.0007056042741801268
0.0006295854505246894
0.0006759172011903956
0.0006101120116937827
0.0007090750235161453
0.0006174474664430687
0.000668870280301735
0.0006024728066452128
0.000705445241621157
0.0006080589265197969
0.0006603165196587639
0.0005975662853608013
0.000696732230833596
0.0006006611685359352
0.0006512046489289857
0.0005935327467989907
0.0006859336430355303
0.0005942385645704475
0.0006423676093827637
0.0005890289495285048
0.0006756821402422073
0.0005877824147996262
0.0006344947208773689
0.0005831517505869695
0.0006677763636237004
0.0005804954002408445
0.0006280965762749219
0.0005753884760257241
0.0006631451594013751
0.0005719629682976071
0.0006234745713053716
0.0005655592225779485
0.0006620224706517231
0.0005621712341207331
0.0006207753591933302
0.0005537798157279444
0.0006639219352189069
0.0005515543997472355
0.0006198616192789963
0.0005407012936848243
0.0006670483176748024
0.000541082665411644
0.0006200193260418226
0.0005277928411187554
0.0006676422875010225
0.0005322400580831978
0.0006195451040134694
0.0005175648694523722
0.0006600775601254129
0.0005268853986441867
0.0006153272377147048
0.0005136355560617799
0.0006391982307803622
0.0005269397742848451
0.0006030987984813078
0.000520443548209482
0.0006046887964645964
0.0005339099330404204
0.000579446209070834
0.000542323923669863
0.0005629603199285025
0.0005482605729159733
0.0005453642927925225
0.0005805087541514389
0.000523825311667066
0.0005681669314194159
0.0005084166978739472
0.0006247706936317216
0.0004958391313876036
0.0005871431908130174
0.0004805411768254676
0.0006451309171473639
0.0004843600141619512
0.0005919799139297899
0.0004740823552224091
0.0006137034093801581
0.0004919476736088748
0.0005680471632725395
0.0005002473443780516
0.0005474234021234294
0.000518017287278511
0.0005176300403840192
0.0005628017625845156
0.0004883694624889076
0.0005544405559073834
0.00046751219210795645
0.0006264443873247238
0.00045968319658966665
0.000577247608235007
0.0004476226940577699
0.0006107607880165406
0.00046577982385613103
0.0005532727249356847
0.0004789373650565812
0.0005244686943535806
0.000503305582933648
0.00048722017110234216
0.0005661027683636792
0.0004553557888677968
0.0005525664129441295
0.0004342445464750525
0.0006231663836568749
0.00043870995791670995
0.0005587427589592373
0.0004416905781776456
0.0005422240768847707
0.0004737994981891396
0.0004887227863803122
0.0005341010798641927
0.00044576866417126066
0.0005375985291441183
0.0004196622396238955
0.0006161573753315692
0.0004233898011940612
0.0005457841816647396
0.00043389797398514415
0.000511785169537197
0.00047375969889215154
0.0004545763781024497
0.0005607073962479923
0.0004162224393299179
0.0005451429186276279
0.00039936262909770536
0.0005805294214157142
0.0004273060888262351
0.0004955355309548546
0.0004823514499683845
0.0004325182665463352
0.0005152557378371241
0.00039537492049935067
0.000603776164542132
0.0004028334125269836
0.0005161370213952793
0.00043832176847961694
0.0004472419529650361
0.0004909331776958039
0.00039448801688543177
0.0006006203002412023
0.00039009334882549756
0.0005174257052589206
0.0004223600564552656
0.000443360082067068
0.0004832352649610421
0.0003847252874428403
0.0005969163613614864
0.0003835306024674501
0.0005032493085058103
0.00043011296653817
0.0004179757652044092
0.0004933255167536404
0.0003672640672390363
0.000583605690850272
0.0003865972050335438
0.0004673507047480617
0.00047073735509361883
0.0003819587176768774
0.0005143282023326102
0.00035591489308977437
0.0005244888978168801
0.00041043978836136454
0.00040708989537409303
0.0005493423933950201
0.00035752035499806464
0.000512513666150842
0.0003804241728972309
0.0004232272849930088
0.00046487106329339565
0.0003503710891959266
0.0005740761196341272
0.00037038107144459636
0.0004381029829068363
0.0004863616445624825
0.00035176951001871935
0.0005105925384767634
0.0003519668950819171
0.00043911868062807366
0.0004408066605646432
0.00034472775689332684
0.0005729319334030396
0.0003575776274472026
0.00042952517425354686
0.0004837333360992829
0.00033944785560148126
0.0005027726377270383
0.0003518382725023355
0.00040535254752341706
0.0004525058930505281
0.00032522455340202667
0.0005396172485243205
0.0003678137127068452
0.0003812835994989798
0.0005388803134241448
0.0003270110210450218
0.00047128961280290765
0.00039827142755654356
0.00034520137544110003
0.0004870601057304451
0.00031970601486502203
0.000433146809490261
0.00041736469037805636
0.00031940525307252874
0.0005482636348018244
0.0003475499070351159
0.00037727685180204964
0.0005266379608841038
0.00031508475541992446
0.0004570698779172944
0.00040106422159238785
0.00032576862555073533
0.0004830493905720396
0.00031886367787173743
0.00038626343857602074
0.0004341781730662959
0.0002984541210221837
0.0004896784475361326
0.0003665900749199811
0.00032532292410372276
0.0005537323367098583
0.0003192565134983624
0.00038668904833669306
0.0004929561019982998
0.00030050737322072645
0.0004513094177040942
0.0003856308203623221
0.00031100405152953946
0.00047239384144710924
0.0003139104483317249
0.00035319404525292265
0.00044003031790226923
0.0002852915686627874
0.0004263162488263969
0.00038585094702680103
0.00028910740318907103
0.0005069707793774184
0.00033753020370360737
0.0003176819833226124
0.0005420204949664713
0.00030465426305296576
0.00036342547267591106
0.0005037618738667601
0.00028761937959203296
0.0004129342923459095
0.00042764736805098245
0.0002848210465386883
0.00044824057655674877
0.00035733872586338693
0.00029503283587396355
0.00045760390087137273
0.0003085539735358215
0.0003174445105732434
0.0004429730964201306
0.0002800057938107628
0.0003507237825473266
0.0004148336450663395
0.00026659293794295454
0.00039177827891964906
0.00038330916361402687
0.00026387161175527686
0.00043511928317212375
0.0003543519607782585
0.0002685355855124553
0.00047384176977385064
0.00033027090422028634
0.00027801453501436705
0.0005021531536635347
0.00031132922045992397
0.0002901326688519133
0.0005177087897259437
0.00029692577324796676
0.0003029855555263958
0.0005219649284346797
0.0002862158473060225
0.0003149686440365094
0.0005186619235005038
0.0002783803924250101
0.000324844340903942
0.0005119323768063826
0.0002727269735948501
0.0003317647738569294
0.0005051182856867858
0.000268727026187318
0.0003352220650841872
0.0005003947096557307
0.00026603409368999495
0.000334950772173974
0.000498816767065517
0.0002644958238403217
0.0003308385960047434
0.0005004156734745445
0.00026416171344597337
0.0003228991741629572
0.000504143593607548
0.000265287105417266
0.00031133251632020533
0.0005076589317114835
0.00026833451595214636
0.00029665782396158004
0.0005071800965012016
0.00027397250336026475
0.0002798605340762514
0.0004979296394538006
0.0002830652557213081
0.0002624720997047584
0.0004757474848337874
0.00029662268327112823
0.00024653330144534184
0.0004396318426035418
0.0003156213497058028
0.00023449375756146983
0.0003933948475516957
0.0003404839594799474
0.00022922093367253352
0.00034444629721227453
0.00036983778396460366
0.00023433375824536773
0.0003003614147509317
0.00039827430228855183
0.0002549117699858705
0.00026616150009267664
0.0004143116544458981
0.0002978084002682961
0.000244000071098526
0.00040346164451339044
0.000367762889196521
0.00023451283633267326
0.0003607813167502721
0.0004504774969362181
0.0002384417012926193
0.0003010894378483731
0.0004922273796146675
0.00025772085266195576
0.00024843860709747474
0.0004473925397041155
0.000295078392736636
0.00021928926200766218
0.00035531358880785523
0.00034881834635875015
0.00022287639546495595
0.00027823245887572605
0.000397434377855463
0.00027237208081306354
0.0002359009769574752
0.00039267768389643375
0.00038013579192167725
0.00022519183510544033
0.00032047649524004064
0.00048030211749526563
0.00024383205304792847
0.00024220798776497523
0.00043183261338130614
0.0002950041178894923
0.0002086876550022052
0.0003111579161409014
0.00036887073214219245
0.000240296277178269
0.00023777291705937681
0.0003930473868082789
0.0003627718145605204
0.00021909975983809245
0.0003079084430489268
0.00047813719617997353
0.00024630718066207517
0.00021987490991549674
0.000377023072884936
0.00032116713087492697
0.00021005174806718147
0.00025511553326281914
0.00039159685286405956
0.00031380464158865535
0.0002146365151380922
0.000322368281494503
0.0004706794249074865
0.00023773783197804263
0.00021615295699041297
0.0003674596333467536
0.00032230324134771804
0.00021080945748445842
0.00023936069785632016
0.00038664525184826904
0.00035390773787979024
0.00021099440378826952
0.00027855239233311836
0.0004602191735117364
0.00025877652002576524
0.00019515367084718636
0.00029190359184156077
0.000365377055771404
0.00025984514741662993
0.00021026044059868979
0.00033457678285831843
0.000458862549841647
0.000228333392835719
0.0002057026302995071
0.0003406814138711403
0.0003314539576972986
0.00022144619701399315
0.00021568704043976316
0.00035851119733712857
0.0004299316210659863
0.00021604794644045034
0.00021388396581348992
0.0003614654677910922
0.00031559536507376793
0.0002103925019805058
0.00021570289764343996
0.000359459843468235
0.00042525246689987595
0.00021329162474856793
0.00020841700654418755
0.00034837870457666946
0.0003208327142824807
0.00021703219882604033
0.0002075302100970817
0.00034174858544467165
0.0004471641237398313
0.00021966206957563922
0.00019186553940804044
0.00030503817142928666
0.000344771700199785
0.00025066013555412965
0.00019702392506683328
0.00029654993697249824
0.0004554593320040333
0.00024197623443078222
0.00017911942139633362
0.00024788727278941564
0.00036919001076763037
0.0003357289960203278
0.00019529406061536645
0.00022888409292029418
0.0003839425551097921
0.00029206007942584266
0.00019838797133086894
0.00020330791692356492
0.000336585670353207
0.0004464381842538773
0.00021767188086866104
0.00017845948760253916
0.00026738618944486446
0.0003578231244447982
0.00030251285414644444
0.00018956648387936798
0.00023316309946244776
0.0003870336711267336
0.00028602484228425505
0.00019614296631865843
0.00019703241797588083
0.00032257614918653615
0.00045062717460126015
0.00022293072779062928
0.00017084113063077814
0.0002385780919590256
0.0003618246130551198
0.00035863769517512794
0.00019144771126769142
0.00019549967612600357
0.00031665198069094456
0.00032472403144319373
0.00024521747626051344
0.0001835116810816588
0.0002526195754901592
0.0004077536205398341
0.00026726852058619414
0.00018505194249760154
0.00019288924879979225
0.0003162205855157942
0.00044751453759685997
0.0002236119815046329
0.00016558825964715538
0.00021722441762365204
0.0003526192720326128
0.0004063246707578868
0.00019711571765815825
0.00017007461051130954
0.0002547574219748441
0.00035110119547785573
0.0003307932064512119
0.00018307767234877802
0.00018890721958754163
0.00030104664921643654
0.0003269574346159575
0.00026571359612861923
0.00017707474064309708
0.00021518381794891474
0.0003479826911163623
0.00029780179288936787
0.0002219077353705401
0.0001759681126540385
0.0002426397041448893
0.0003867951697143371
0.0002725698642982684
0.00019519567304602777
0.0001774813200267597
0.0002662668636483946
0.00041270821083744117
0.00025371084481037377
0.00017967285415001243
0.00017984226657147078
0.00028331334205834393
0.0004264665836116507
0.00024101718297515158
0.00017102499910969987
0.00018166913609831653
0.0002931289093975162
0.0004318562404125426
0.00023368830953321567
0.00016664706449932254
0.00018201420232501642
0.00029609122417854867
0.00043234415108480345
0.00023111327755360328
0.00016530435855988116
0.00018044993936393544
0.00029256987176778037
0.00042911828351008697
0.00023309128724508654
0.00016690578647601012
0.0001771057427977289
0.0002824953821478243
0.0004206807079535414
0.000239847631842842
0.0001724324885680868
0.00017260839998190286
0.00026561743924861686
0.00040370052594671327
0.00025193428668799164
0.00018401102419514546
0.0001679518788522494
0.00024232244723703124
0.0003751737912472122
0.0002698735393739128
0.00020507719496735
0.00016436857568466383
0.00021459452375102906
0.00033536249395830543
0.0002931715878909944
0.00024020318412200793
0.0001632654565173427
0.00018637581390974547
0.0002894538773373339
0.000318136827335608
0.0002924381912780028
0.00016616439033794665
0.0001632154088182039
0.0002474867645509372
0.00033494056094645046
0.00034867827982588387
0.00017272966865237795
0.00015016263617058988
0.00021794089345826258
0.0003370017872510454
0.0003991213943204181
0.00018472913539318932
0.00014425577479987867
0.00018982390690900307
0.0003174022568861987
0.00042880597338139283
0.00020693398745567058
0.00015158052793156157
0.00017005227955400643
0.00027329444668915777
0.0004041750447597569
0.00024071164777969594
0.00017951120999983497
0.00015906094738398757
0.00021872277897934617
0.0003369016931495319
0.0002835313421993795
0.00023774583990236604
0.00015718440804778866
0.00017221468875120333
0.0002632744328372421
0.00032275761632190927
0.00032831749817494553
0.000165862768151879
0.00014496844014292714
0.00020743399904588422
0.0003294155462708958
0.0004098858386222203
0.00018808983810770063
0.00014204577164508928
0.0001723593979586333
0.0002850556362148848
0.0004088064899602864
0.00022849173683961178
0.0001717804847277264
0.00015557349252346233
0.0002142435040819824
0.00032587437026753026
0.00028442206081175846
0.0002492279146495392
0.00015435043332307307
0.00015878751331582127
0.0002376420333885269
0.0003271210563398814
0.0003658578156030189
0.000170671134995665
0.0001371464622739887
0.00018165148635795856
0.0003044854584564609
0.0004163794651009708
0.0002100724305947221
0.00015731169220761248
0.0001550011431461662
0.00022463610956187938
0.00033633357324253793
0.00027376782834054536
0.000237776898398464
0.00015096116604246067
0.00015695071017385716
0.00023386096966027006
0.00032440203941083815
0.000369972195044015
0.00017016661352709387
0.00013471135875113972
0.00017328574721868866
0.00028992924663117487
0.00040452916527315637
0.000219960526939488
0.00016918792913237228
0.00014906657883716762
0.00019752493099948362
0.0002961076451219907
0.00029421518748027015
0.000284016347159778
0.00015289534527514534
0.00013917578038456148
0.00019889934767178277
0.0003187251334193051
0.00040755363756139876
0.0001885669918452886
0.00014263583824042475
0.00015396164538832285
0.00023473765124612983
0.0003433737809967719
0.00026253944938647926
0.00022975654112183724
0.00014608318895706362
0.00015020921727530015
0.00022147226890621333
0.00032150320538254084
0.0003833873950479363
0.00017268221183315904
0.0001336616200180081
0.00015872633728402055
0.0002558726082531748
0.00036619314388865133
0.00024379540274755882
0.00020514859802556415
0.00014313545781805982
0.0001570101704922546
0.00023235280340576375
0.00031789833529976576
0.0003679950299131301
0.00016626659373503085
0.00013064060899276088
0.00015944385593028593
0.00026041903742750084
0.0003686597030463063
0.00023882676158256072
0.00020153962440138
0.00014124597758988406
0.000154796830987497
0.00022840660058973765
0.00031668845301295877
0.0003716640819476797
0.0001668179842072606
0.00013050352997063313
0.0001548849435169777
0.00024838708486099164
0.00035310517803586387
0.0002470415089764039
0.00021665523964476343
0.00014018906784485157
0.00014460100309288433
0.00021107701117181884
0.0003160480834854991
0.0003883414658014711
0.00017469996710621263
0.00013530086216576205
0.00014690581200446238
0.00022133835757505554
0.0003188987621399014
0.00026761386999721347
0.0002544712106703962
0.00014182933750429944
0.00013145958543035293
0.00018610404303006625
0.00030467641872731967
0.0003976022408716855
0.00019319175893415857
0.0001526112752124981
0.00013880090229979842
0.00018284568700426034
0.00026704593293665717
0.0002961334656189171
0.00031851464212766153
0.00015008814189447291
0.00012395792585298242
0.00016019612202790843
0.0002666630725502788
0.00036764580692810094
0.00022798074422688725
0.00019660201577575233
0.00013513781465097555
0.0001444600519535157
0.00021050400457722649
0.0003117372918068222
0.00038313040718525207
0.00017193099016079978
0.0001348271616675992
0.00014042813230139313
0.00020366639756977492
0.0002922164264325262
0.0002780072210752513
0.00028476787916145117
0.0001422582295073714
0.00012266080600779533
0.00016443985967983188
0.0002761158682112719
0.00037333025978372004
