0.5579626527574083
0.4014907107173372
0.33404105083874275
0.3010388143911591
0.2838066891344872
0.2745339766701046
0.2694624030527342
0.26664610126598176
0.26504690141595666
0.26410582575932534
0.2635216211562382
0.263132141607469
0.2628501862237609
0.26262880877175604
0.2624426303824166
0.2622778132245326
0.2621266987298421
0.26198494663902366
0.2618500099708144
0.26172032176982285
0.2615948604671267
0.26147291649616444
0.2613539659258174
0.2612376010939003
0.26112349170599347
0.26101136231764155
0.26090097871739437
0.2607921392246854
0.26068466876960084
0.26057841460459175
0.26047324302061087
0.2603690367187131
0.26026569263750143
0.2601631201175783
0.2600612393284736
0.2599599799083626
0.25985927978126855
0.2597590841251359
0.25965934446972755
0.25956001790708616
0.25946106640004624
0.25936245617639586
0.25926415719797746
0.25916614269541827
0.25906838876036775
0.25897087398813934
0.25887357916453646
0.25877648699141026
0.2586795818461712
0.25858284957106303
0.2584862772885248
0.25838985323941766
0.2582935666412908
0.2581974075642096
0.25810136682197254
0.258005435876813
0.25790960675591734
0.2578138719782947
0.2577182244907176
0.25762265761160835
0.2575271649818873
0.25743174052191997
0.2573363783938061
0.25724107296834964
0.2571458187961285
0.2570506105821563
0.25695544316368923
0.25686031149079136
0.25676521060931307
0.2566701356459853
0.2565750817953682
0.2564800443084232
0.25638501848250783
0.25628999965261867
0.25619498318372624
0.25609996446406874
0.256004938899285
0.25590990190728446
0.2558148489137621
0.2557197753482805
0.2556246766408483
0.25552954821893487
0.2554343855048676
0.25533918391356536
0.2552439388505672
0.25514864571032
0.2550532998746942
0.25495789671170077
0.2548624315743831
0.25476689979986533
0.25467129670853716
0.2545756176033588
0.25447985776927273
0.2543840124727089
0.25428807696117284
0.2541920464629075
0.2540959161866187
0.25399968132125933
0.25390333703586354
0.25380687847942596
0.25371030078082146
0.2536135990487601
0.2535167683717739
0.2534198038182315
0.25332270043637856
0.2532254532543998
0.2531280572805016
0.25303050750301215
0.25293279889049797
0.2528349263918943
0.2527368849366487
0.2526386694348756
0.25254027477752217
0.25244169583654197
0.25234292746507825
0.25224396449765335
0.25214480175036647
0.2520454340210951
0.25194585608970377
0.2518460627182565
0.25174604865123335
0.2516458086157515
0.2515453373217885
0.25144462946240964
0.2513436797139965
0.2512424827364793
0.25114103317356945
0.2510393256529949
0.2509373547867365
0.25083511517126533
0.2507326013877812
0.2506298080024514
0.25052672956665095
0.25042336061720166
0.25031969567661294
0.2502157292533218
0.25011145584193284
0.25000686992345833
0.24990196596555786
0.2497967384227775
0.2496911817367885
0.2495852903366258
0.24947905863892528
0.2493724810481609
0.24926555195688072
0.2491582657459424
0.24905061678474788
0.24894259943147695
0.24883420803332024
0.2487254369267114
0.2486162804375583
0.24850673288147293
0.2483967885640016
0.24828644178085288
0.24817568681812574
0.24806451795253656
0.24795292945164535
0.2478409155740813
0.2477284705697676
0.24761558868014572
0.2475022641383992
0.24738849116967657
0.2472742639913142
0.247159576813059
0.24704442383728986
0.24692879925923997
0.24681269726721838
0.24669611204283176
0.246579037761206
0.2464614685912083
0.2463433986956691
0.24622482223160486
0.24610573335044056
0.2459861261982338
0.2458659949158985
0.24574533363943019
0.2456241365001319
0.24550239762484127
0.24538011113615854
0.2452572711526761
0.24513387178920942
0.24500990715702958
0.24488537136409738
0.24476025851529948
0.24463456271268624
0.24450827805571207
0.24438139864147768
0.24425391856497508
0.24412583191933468
0.2439971327960757
0.24386781528535895
0.24373787347624276
0.24360730145694218
0.24347609331509135
0.24334424313800934
0.24321174501296985
0.24307859302747414
0.24294478126952843
0.2428103038279253
0.24267515479252882
0.24253932825456473
0.24240281830691485
0.24226561904441607
0.24212772456416454
0.24198912896582447
0.2418498263519424
0.24170981082826695
0.24156907650407317
0.2414276174924938
0.24128542791085533
0.24114250188102043
0.2409988335297364
0.24085441698898957
0.24070924639636704
0.24056331589542354
0.2404166196360564
0.2402691517748863
0.24012090647564588
0.23997187790957447
0.23982206025582156
0.2396714477018562
0.23952003444388506
0.2393678146872777
0.23921478264700008
0.2390609325480557
0.23890625862593518
0.2387507551270741
0.23859441630931957
0.2384372364424046
0.23827920980843215
0.2381203307023676
0.23796059343254006
0.23779999232115334
0.2376385217048057
0.23747617593501938
0.23731294937877967
0.23714883641908335
0.23698383145549753
0.23681792890472794
0.23665112320119752
0.2364834087976354
0.23631478016567603
0.23614523179646904
0.23597475820129948
0.23580335391221907
0.23563101348268836
0.23545773148822963
0.23528350252709135
0.2351083212209238
0.23493218221546627
0.23475508018124536
0.2345770098142858
0.2343979658368324
0.23421794299808446
0.23403693607494216
0.23385493987276498
0.23367194922614332
0.2334879589996815
0.23330296408879467
0.2331169594205177
0.23292993995432754
0.2327419006829787
0.23255283663335158
0.23236274286731495
0.23217161448260143
0.23197944661369724
0.23178623443274546
0.23159197315046365
0.2313966580170757
0.23120028432325812
0.23100284740110058
0.23080434262508187
0.2306047654130605
0.23040411122728022
0.23020237557539128
0.22999955401148692
0.22979564213715603
0.22959063560255089
0.22938453010747215
0.229177321402469
0.2289690052899569
0.22875957762535143
0.22854903431821955
0.22833737133344778
0.22812458469242777
0.22791067047426028
0.22769562481697608
0.22747944391877611
0.22726212403928917
0.2270436615008489
0.22682405268978972
0.22660329405776206
0.2263813821230668
0.22615831347200988
0.22593408476027732
0.22570869271433
0.22548213413282
0.2252544058880273
0.22502550492731854
0.224795428274627
0.22456417303195517
0.2243317363808992
0.22409811558419668
0.22386330798729714
0.2236273110199563
0.22339012219785434
0.22315173912423789
0.22291215949158744
0.2226713810833092
0.2224294017754526
0.22218621953845383
0.22194183243890536
0.22169623864135235
0.22144943641011627
0.2212014241111457
0.2209522002138955
0.2207017632932341
0.22045011203138004
0.22019724521986728
0.21994316176154072
0.2196878606725819
0.21943134108456508
0.2191736022465448
0.21891464352717463
0.21865446441685837
0.21839306452993357
0.21813044360688796
0.21786660151660936
0.21760153825866937
0.21733525396564163
0.21706774890545433
0.21679902348377855
0.21652907824645168
0.21625791388193688
0.21598553122381953
0.21571193125333987
0.2154371151019633
0.21516108405398776
0.2148838395491895
0.21460538318550726
0.21432571672176415
0.21404484208042918
0.21376276135041794
0.2134794767899317
0.21319499082933763
0.2129093060740868
0.21262242530767406
0.2123343514946361
0.21204508778359094
0.21175463751031642
0.21146300420086978
0.21117019157474556
0.21087620354807546
0.21058104423686558
0.210284717960275
0.20998722924393176
0.20968858282328862
0.20938878364701669
0.20908783688043625
0.2087857479089854
0.20848252234172496
0.20817816601487799
0.20787268499540512
0.20756608558461304
0.20725837432179547
0.20694955798790596
0.20663964360926018
0.20632863846126703
0.2060165500721869
0.2057033862269151
0.20538915497078883
0.2050738646134152
0.20475752373251901
0.20444014117780748
0.20412172607484894
0.2038022878289638
0.20348183612912452
0.20316038095186112
0.2028379325651699
0.20251450153242112
0.20219009871626253
0.20186473528251464
0.20153842270405387
0.20121117276467906
0.20088299756295722
0.20055390951604302
0.20022392136346764
0.19989304617089215
0.19956129733381783
0.199228688581251
0.1988952339793127
0.19856094793478943
0.19822584519861774
0.19788994086929448
0.19755325039620814
0.1972157895828806
0.19687757459011454
0.19653862193903643
0.19619894851402747
0.1958585715655341
0.19551750871274864
0.1951757779461511
0.19483339762990265
0.19449038650408065
0.19414676368674572
0.19380254867583008
0.19345776135083603
0.19311242197433526
0.19276655119325625
0.1924201700399484
0.1920732999330128
0.19172596267788605
0.19137818046716637
0.19102997588066828
0.19068137188519602
0.1903323918340194
0.18998305946604338
0.1896333989046557
0.18928343465624106
0.18893319160834898
0.18858269502750113
0.18823197055662733
0.18788104421211535
0.18752994238046294
0.18717869181451907
0.18682731962930146
0.18647585329737867
0.18612432064380469
0.18577274984059328
0.18542116940072167
0.18506960817165258
0.18471809532836167
0.18436666036586402
0.18401533309122603
0.18366414361505667
0.18331312234246733
0.182962299963494
0.18261170744297378
0.1822613760098703
0.1819113371460414
0.1815616225744459
0.18121226424678505
0.18086329433057582
0.18051474519565625
0.18016664940012003
0.17981903967568325
0.17947194891248464
0.1791254101433221
0.17877945652733124
0.17843412133311115
0.1780894379213055
0.17774543972664714
0.17740216023947772
0.17705963298675306
0.1767178915125488
0.17637696935808075
0.1760369000412567
0.1756977170357788
0.175359453749815
0.17502214350426223
0.17468581951062434
0.1743505148485287
0.1740162624429092
0.1736830950408827
0.17335104518834848
0.17302014520634232
0.17269042716717692
0.17236192287040375
0.17203466381863003
0.17170868119322932
0.17138400582998242
0.17106066819468765
0.17073869835878172
0.1704181259750108
0.17009898025319553
0.16978128993613104
0.16946508327566745
0.16915038800901316
0.16883723133530687
0.16852563989250247
0.16821563973461223
0.1679072563093536
0.16760051443624407
0.16729543828519017
0.16699205135561357
0.16669037645616022
0.16639043568503425
0.1660922504110001
0.16579584125509444
0.1655012280730888
0.16520842993874119
0.1649174651278757
0.1646283511033272
0.16434110450078326
0.1640557411155601
0.16377227589034016
0.16349072290390304
0.16321109536087558
0.16293340558252556
0.16265766499862266
0.16238388414038463
0.16211207263452862
0.16184223919844015
0.16157439163647305
0.16130853683738955
0.16104468077294776
0.16078282849763859
0.1605229841495759
0.16026515095253518
0.1600093312191386
0.15975552635517742
0.1595037368650617
0.1592539623583852
0.15900620155758866
0.1587604523067035
0.15851671158115474
0.15827497549860037
0.158035239330779
0.15779749751634076
0.15756174367462694
0.15732797062036935
0.15709617037927154
0.15686633420443707
0.1566384525936057
0.15641251530715738
0.15618851138684253
0.15596642917519554
0.15574625633558808
0.15552797987287587
0.15531158615459378
0.1550970609326523
0.15488438936548832
0.1546735560406211
0.154464544997568
0.15425733975106892
0.1540519233145741
0.15384827822394548
0.153646386561325
0.15344622997912327
0.1532477897240806
0.15305104666135677
0.15285598129860384
0.15266257380997725
0.15247080406004515
0.15228065162755158
0.15209209582899583
0.15190511574198776
0.15171969022834225
0.15153579795687797
0.15135341742588487
0.15117252698522954
0.15099310485806708
0.15081512916213097
0.15063857793057342
0.15046342913233213
0.15028966069199912
0.1501172505091707
0.14994617647725897
0.14977641650174753
0.1496079485178752
0.14944075050773373
0.14927480051676817
0.14911007666966866
0.14894655718564587
0.1487842203930831
0.14862304474355925
0.14846300882524094
0.14830409137563963
0.14814627129373525
0.14798952765146697
0.14783383970459274
0.14767918690292303
0.14752554889993308
0.14737290556175983
0.14722123697559183
0.1470705234574604
0.14692074555944146
0.14677188407627909
0.14662392005144187
0.14647683478262474
0.1463306098267086
0.14618522700419195
0.1460406684031088
0.14589691638244698
0.14575395357508292
0.14561176289024752
0.1454703275155403
0.1453296309185071
0.14518965684779728
0.14505038933391953
0.1449118126896091
0.14477391150982727
0.14463667067140673
0.14450007533236162
0.14436411093087725
0.14422876318399813
0.14409401808602823
0.14395986190666188
0.14382628118885993
0.14369326274648747
0.1435607936617281
0.14342886128229093
0.14329745321842358
0.14316655733974676
0.1430361617719245
0.1429062548931828
0.1427768253306912
0.14264786195681928
0.14251935388528075
0.14239129046717788
0.1422636612869564
0.14213645615828352
0.14200966511985924
0.14188327843117027
0.1417572865681987
0.141631680219092
0.14150645027980524
0.1413815878497238
0.1412570842272734
0.14113293090552692
0.14100911956781353
0.1408856420833382
0.14076249050281717
0.14063965705413567
0.14051713413803396
0.140394914323826
0.14027299034515606
0.14015135509579857
0.14003000162550366
0.13990892313589381
0.13978811297641452
0.1396675646403417
0.13954727176084977
0.13942722810714217
0.1393074275806467
0.13918786421127846
0.13906853215377143
0.13894942568408047
0.13883053919585556
0.13871186719698853
0.13859340430623412
0.13847514524990562
0.1383570848586452
0.1382392180642705
0.13812153989669662
0.13800404548093387
0.13788673003416121
0.13776958886287552
0.1376526173601155
0.13753581100276063
0.13741916534890394
0.13730267603529844
0.13718633877487602
0.13707014935433812
0.13695410363181731
0.1368381975346089
0.136722427056971
0.13660678825799258
0.13649127725952792
0.13637589024419616
0.13626062345344558
0.13614547318567977
0.13603043579444585
0.13591550768668262
0.13580068532102768
0.13568596520618137
0.13557134389932776
0.13545681800460896
0.1353423841716539
0.13522803909415812
0.13511377950851436
0.13499960219249207
0.13488550396396468
0.13477148167968309
0.13465753223409416
0.1345436525582029
0.1344298396184763
0.13431609041578924
0.13420240198440875
0.1340887713910177
0.13397519573377498
0.13386167214141162
0.13374819777236185
0.13363476981392738
0.1335213854814741
0.13340804201765993
0.1332947366916926
0.13318146679861678
0.13306822965862863
0.13295502261641765
0.13284184304053415
0.1327286883227817
0.13261555587763355
0.13250244314167217
0.1323893475730506
0.1322762666509752
0.13216319787520917
0.1320501387655949
0.13193708686159597
0.13182403972185627
0.13171099492377747
0.13159795006311173
0.13148490275357153
0.13137185062645418
0.13125879133028054
0.13114572253044832
0.13103264190889832
0.13091954716379356
0.13080643600921052
0.1306933061748421
0.13058015540571205
0.13046698146189922
0.1303537821182732
0.1302405551642387
0.13012729840348947
0.13001400965377174
0.12990068674665511
0.1297873275273126
0.1296739298543074
0.12956049159938804
0.12944701064729003
0.12933348489554408
0.12921991225429152
0.12910629064610507
0.12899261800581574
0.12887889228034582
0.1287651114285465
0.12865127342104107
0.1285373762400731
0.1284234178793587
0.12830939634394423
0.12819530965006729
0.12808115582502266
0.1279669329070317
0.12785263894511556
0.12773827199897236
0.12762383013885736
0.12750931144546673
0.12739471400982488
0.12728003593317405
0.12716527532686756
0.12705043031226584
0.12693549902063495
0.12682047959304807
0.1267053701802893
0.12659016894276043
0.12647487405038954
0.12635948368254252
0.12624399602793654
0.12612840928455585
0.12601272165956978
0.12589693136925312
0.12578103663890786
0.12566503570278795
0.1255489268040253
0.12543270819455815
0.1253163781350611
0.1251999348948775
0.125083376751953
0.12496670199277188
0.1248499089122943
0.12473299581389599
0.12461596100930976
0.12449880281856825
0.1243815195699491
0.12426410959992161
0.12414657125309525
0.12402890288216975
0.12391110284788728
0.12379316951898625
0.12367510127215678
0.12355689649199822
0.12343855357097802
0.12332007090939316
0.1232014469153323
0.12308268000464079
0.12296376860088667
0.12284471113532924
0.12272550604688881
0.12260615178211863
0.12248664679517883
0.12236698954781193
0.12224717850932033
0.12212721215654587
0.12200708897385129
0.12188680745310336
0.12176636609365851
0.12164576340234978
0.12152499789347643
0.12140406808879527
0.12128297251751372
0.12116170971628575
0.12104027822920908
0.12091867660782506
0.12079690341112015
0.12067495720553036
0.12055283656494706
0.12043054007072536
0.12030806631169463
0.12018541388417149
0.12006258139197463
0.11993956744644246
0.11981637066645252
0.11969298967844384
0.11956942311644082
0.1194456696220806
0.11932172784464176
0.1191975964410764
0.11907327407604368
0.11894875942194696
0.11882405115897243
0.11869914797513112
0.11857404856630263
0.11844875163628221
0.11832325589682995
0.11819756006772283
0.11807166287680942
0.11794556306006704
0.11781925936166171
0.11769275053401111
0.11756603533785004
0.11743911254229843
0.11731198092493239
0.1171846392718586
0.11705708637779026
0.11692932104612715
0.11680134208903782
0.11667314832754536
0.1165447385916149
0.11641611172024592
0.11628726656156536
0.1161582019729258
0.11602891682100494
0.11589940998190948
0.115769680341281
0.11563972679440587
0.11550954824632712
0.11537914361196072
0.11524851181621423
0.11511765179410856
0.11498656249090333
0.11485524286222523
0.11472369187419951
0.11459190850358486
0.11445989173791174
0.11432764057562333
0.11419515402622063
0.11406243111041023
0.11392947086025566
0.11379627231933225
0.11366283454288502
0.11352915659799026
0.11339523756372015
0.11326107653131132
0.1131266726043363
0.11299202489887868
0.11285713254371199
0.11272199468048122
0.11258661046388883
0.11245097906188378
0.11231509965585357
0.11217897144082088
0.11204259362564284
0.11190596543321421
0.11176908610067404
0.11163195487961594
0.11149457103630173
0.11135693385187896
0.11121904262260154
0.11108089666005463
0.11094249529138228
0.11080383785951928
0.11066492372342643
0.11052575225832934
0.11038632285596058
0.11024663492480605
0.1101066878903543
0.10996648119534982
0.10982601430004957
0.10968528668248351
0.10954429783871814
0.1094030472831243
0.10926153454864787
0.10911975918708433
0.1089777207693568
0.10883541888579756
0.10869285314643318
0.1085500231812727
0.1084069286406001
0.10826356919526943
0.10811994453700358
0.10797605437869667
0.10783189845472
0.1076874765212302
0.10754278835648251
0.10739783376114564
0.10725261255862104
0.10710712459536495
0.10696136974121358
0.10681534788971156
0.10666905895844392
0.10652250288937007
0.10637567964916211
0.10622858922954517
0.10608123164764115
0.10593360694631526
0.10578571519452533
0.10563755648767387
0.105489130947963
0.10534043872475213
0.10519147999491771
0.10504225496321618
0.10489276386264887
0.10474300695482963
0.10459298453035462
0.10444269690917415
0.10429214444096732
0.10414132750551769
0.10399024651309202
0.10383890190482016
0.10368729415307706
0.10353542376186631
0.10338329126720536
0.10323089723751247
0.10307824227399444
0.10292532701103613
0.10277215211659116
0.10261871829257313
0.10246502627524826
0.1023110768356286
0.10215687077986582
0.10200240894964585
0.10184769222258332
0.10169272151261674
0.10153749777040359
0.10138202198371532
0.10122629517783187
0.10107031841593633
0.10091409279950873
0.1007576194687188
0.10060089960281861
0.10044393442053329
0.10028672518045081
0.10012927318141053
0.09997157976288978
0.09981364630538875
0.09965547423081296
0.09949706500285403
0.09933842012736765
0.09917954115274855
0.09902042967030339
0.09886108731461926
0.09870151576393008
0.09854171674047843
0.09838169201087386
0.09822144338644709
0.09806097272359962
0.09790028192414911
0.09773937293566928
0.09757824775182508
0.0974169084127022
0.09725535700513091
0.09709359566300393
0.0969316265675878
0.0967694519478279
0.09660707408064634
0.09644449529123296
0.09628171795332816
0.09611874448949895
0.09595557737140561
0.0957922191200612
0.09562867230608099
0.09546493954992386
0.09530102352212348
0.09513692694351014
0.09497265258542235
0.09480820326990774
0.09464358186991353
0.09447879130946535
0.09431383456383508
0.09414871465969626
0.09398343467526771
0.0938179977404441
0.09365240703691413
0.09348666579826471
0.09332077731007188
0.0931547449099776
0.09298857198775184
0.09282226198534024
0.09265581839689628
0.09248924476879805
0.09232254469964893
0.09215572184026226
0.09198877989362891
0.0918217226148684
0.09165455381116189
0.09148727734166802
0.09131989711742042
0.09115241710120645
0.09098484130742743
